[48;2;16;20;34m[38;2;90;108;156m╭[48;2;16;20;34m[38;2;90;108;156m─[48;2;16;20;34m[38;2;110;132;184m [48;2;16;20;34m[38;2;110;132;184m●[48;2;16;20;34m[38;2;110;132;184m [48;2;16;20;34m[38;2;110;132;184m●[48;2;16;20;34m[38;2;110;132;184m [48;2;16;20;34m[38;2;110;132;184m●[48;2;16;20;34m[38;2;110;132;184m [48;2;16;20;34m[38;2;90;108;156m─[48;2;16;20;34m[38;2;90;108;156m─[48;2;16;20;34m[38;2;90;108;156m─[48;2;16;20;34m[38;2;90;108;156m─[48;2;16;20;34m[38;2;90;108;156m─[48;2;16;20;34m[38;2;90;108;156m─[48;2;16;20;34m[38;2;90;108;156m─[48;2;16;20;34m[38;2;90;108;156m─[48;2;16;20;34m[38;2;90;108;156m─[48;2;16;20;34m[38;2;90;108;156m─[48;2;16;20;34m[38;2;90;108;156m─[48;2;16;20;34m[38;2;90;108;156m─[48;2;16;20;34m[38;2;90;108;156m─[48;2;16;20;34m[38;2;90;108;156m─[48;2;16;20;34m[38;2;90;108;156m─[48;2;16;20;34m[38;2;90;108;156m─[48;2;16;20;34m[38;2;90;108;156m─[48;2;16;20;34m[38;2;90;108;156m─[48;2;16;20;34m[38;2;90;108;156m─[48;2;16;20;34m[38;2;90;108;156m─[48;2;16;20;34m[38;2;90;108;156m─[48;2;16;20;34m[38;2;90;108;156m─[48;2;16;20;34m[38;2;90;108;156m─[48;2;16;20;34m[38;2;90;108;156m─[48;2;16;20;34m[38;2;110;132;184m [48;2;16;20;34m[38;2;110;132;184ms[48;2;16;20;34m[38;2;110;132;184mu[48;2;16;20;34m[38;2;110;132;184mp[48;2;16;20;34m[38;2;110;132;184me[48;2;16;20;34m[38;2;110;132;184mr[48;2;16;20;34m[38;2;110;132;184mb[48;2;16;20;34m[38;2;110;132;184ma[48;2;16;20;34m[38;2;110;132;184md[48;2;16;20;34m[38;2;110;132;184mg[48;2;16;20;34m[38;2;110;132;184me[48;2;16;20;34m[38;2;110;132;184mr[48;2;16;20;34m[38;2;110;132;184m [48;2;16;20;34m[38;2;90;108;156m─[48;2;16;20;34m[38;2;90;108;156m─[48;2;16;20;34m[38;2;90;108;156m─[48;2;16;20;34m[38;2;90;108;156m─[48;2;16;20;34m[38;2;90;108;156m─[48;2;16;20;34m[38;2;90;108;156m─[48;2;16;20;34m[38;2;90;108;156m─[48;2;16;20;34m[38;2;90;108;156m─[48;2;16;20;34m[38;2;90;108;156m─[48;2;16;20;34m[38;2;90;108;156m─[48;2;16;20;34m[38;2;90;108;156m─[48;2;16;20;34m[38;2;90;108;156m─[48;2;16;20;34m[38;2;90;108;156m─[48;2;16;20;34m[38;2;90;108;156m─[48;2;16;20;34m[38;2;90;108;156m─[48;2;16;20;34m[38;2;90;108;156m─[48;2;16;20;34m[38;2;90;108;156m─[48;2;16;20;34m[38;2;90;108;156m─[48;2;16;20;34m[38;2;90;108;156m─[48;2;16;20;34m[38;2;90;108;156m─[48;2;16;20;34m[38;2;90;108;156m─[48;2;16;20;34m[38;2;90;108;156m─[48;2;16;20;34m[38;2;90;108;156m─[48;2;16;20;34m[38;2;90;108;156m─[48;2;16;20;34m[38;2;90;108;156m─[48;2;16;20;34m[38;2;90;108;156m─[48;2;16;20;34m[38;2;90;108;156m─[48;2;16;20;34m[38;2;90;108;156m─[48;2;16;20;34m[38;2;90;108;156m─[48;2;16;20;34m[38;2;90;108;156m─[48;2;16;20;34m[38;2;90;108;156m─[48;2;16;20;34m[38;2;90;108;156m─[48;2;16;20;34m[38;2;90;108;156m─[48;2;16;20;34m[38;2;90;108;156m╮[0m
[48;2;16;20;34m[38;2;90;108;156m│[38;2;16;20;34m[48;2;16;20;34m▀[38;2;16;20;34m[48;2;16;20;34m▀[38;2;16;20;34m[48;2;16;20;34m▀[38;2;16;20;34m[48;2;16;20;34m▀[38;2;16;20;34m[48;2;16;20;34m▀[38;2;16;20;34m[48;2;16;20;34m▀[38;2;16;20;34m[48;2;16;20;34m▀[38;2;16;20;34m[48;2;16;20;34m▀[38;2;16;20;34m[48;2;16;20;34m▀[38;2;16;20;34m[48;2;16;20;34m▀[38;2;16;20;34m[48;2;16;20;34m▀[38;2;16;20;34m[48;2;16;20;34m▀[38;2;16;20;34m[48;2;16;20;34m▀[38;2;16;20;34m[48;2;16;20;34m▀[38;2;16;20;34m[48;2;16;20;34m▀[38;2;16;20;34m[48;2;16;20;34m▀[38;2;16;20;34m[48;2;16;20;34m▀[38;2;16;20;34m[48;2;16;20;34m▀[38;2;16;20;34m[48;2;16;20;34m▀[38;2;16;20;34m[48;2;16;20;34m▀[38;2;16;20;34m[48;2;16;20;34m▀[38;2;16;20;34m[48;2;16;20;34m▀[38;2;16;20;34m[48;2;16;20;34m▀[38;2;16;20;34m[48;2;16;20;34m▀[38;2;16;20;34m[48;2;16;20;34m▀[38;2;16;20;34m[48;2;16;20;34m▀[38;2;16;20;34m[48;2;16;20;34m▀[38;2;16;20;34m[48;2;16;20;34m▀[38;2;16;20;34m[48;2;16;20;34m▀[38;2;16;20;34m[48;2;16;20;34m▀[38;2;16;20;34m[48;2;16;20;34m▀[38;2;16;20;34m[48;2;16;20;34m▀[38;2;16;20;34m[48;2;16;20;34m▀[38;2;16;20;34m[48;2;16;20;34m▀[38;2;16;20;34m[48;2;16;20;34m▀[38;2;16;20;34m[48;2;16;20;34m▀[38;2;16;20;34m[48;2;16;20;34m▀[38;2;16;20;34m[48;2;16;20;34m▀[38;2;16;20;34m[48;2;16;20;34m▀[38;2;16;20;34m[48;2;16;20;34m▀[38;2;16;20;34m[48;2;16;20;34m▀[38;2;16;20;34m[48;2;16;20;34m▀[38;2;16;20;34m[48;2;16;20;34m▀[38;2;16;20;34m[48;2;16;20;34m▀[38;2;16;20;34m[48;2;16;20;34m▀[38;2;16;20;34m[48;2;16;20;34m▀[38;2;16;20;34m[48;2;16;20;34m▀[38;2;16;20;34m[48;2;16;20;34m▀[38;2;16;20;34m[48;2;16;20;34m▀[38;2;16;20;34m[48;2;16;20;34m▀[38;2;16;20;34m[48;2;16;20;34m▀[38;2;16;20;34m[48;2;16;20;34m▀[38;2;16;20;34m[48;2;16;20;34m▀[38;2;16;20;34m[48;2;16;20;34m▀[38;2;16;20;34m[48;2;16;20;34m▀[38;2;16;20;34m[48;2;16;20;34m▀[38;2;16;20;34m[48;2;16;20;34m▀[38;2;16;20;34m[48;2;16;20;34m▀[38;2;16;20;34m[48;2;16;20;34m▀[38;2;16;20;34m[48;2;16;20;34m▀[38;2;16;20;34m[48;2;16;20;34m▀[38;2;16;20;34m[48;2;16;20;34m▀[38;2;16;20;34m[48;2;16;20;34m▀[38;2;16;20;34m[48;2;16;20;34m▀[38;2;16;20;34m[48;2;16;20;34m▀[38;2;16;20;34m[48;2;16;20;34m▀[38;2;16;20;34m[48;2;16;20;34m▀[38;2;16;20;34m[48;2;16;20;34m▀[38;2;16;20;34m[48;2;16;20;34m▀[38;2;16;20;34m[48;2;16;20;34m▀[38;2;16;20;34m[48;2;16;20;34m▀[38;2;16;20;34m[48;2;16;20;34m▀[38;2;16;20;34m[48;2;16;20;34m▀[38;2;16;20;34m[48;2;16;20;34m▀[38;2;16;20;34m[48;2;16;20;34m▀[38;2;16;20;34m[48;2;16;20;34m▀[38;2;16;20;34m[48;2;16;20;34m▀[38;2;16;20;34m[48;2;16;20;34m▀[48;2;16;20;34m[38;2;90;108;156m│[0m
[48;2;16;20;34m[38;2;90;108;156m│[38;2;16;20;34m[48;2;16;20;34m▀[38;2;16;20;34m[48;2;16;20;34m▀[48;2;16;20;34m[38;2;110;132;184m~[48;2;16;20;34m[38;2;110;132;184m [48;2;16;20;34m[38;2;110;132;184m$[38;2;16;20;34m[48;2;16;20;34m▀[48;2;16;20;34m[38;2;196;222;255ms[48;2;16;20;34m[38;2;196;222;255mu[48;2;16;20;34m[38;2;196;222;255mp[48;2;16;20;34m[38;2;196;222;255me[48;2;16;20;34m[38;2;196;222;255mr[48;2;16;20;34m[38;2;196;222;255mb[48;2;16;20;34m[38;2;196;222;255ma[48;2;16;20;34m[38;2;196;222;255md[48;2;16;20;34m[38;2;196;222;255mg[48;2;16;20;34m[38;2;196;222;255me[48;2;16;20;34m[38;2;196;222;255mr[38;2;16;20;34m[48;2;16;20;34m▀[38;2;16;20;34m[48;2;16;20;34m▀[38;2;16;20;34m[48;2;16;20;34m▀[38;2;16;20;34m[48;2;16;20;34m▀[38;2;16;20;34m[48;2;16;20;34m▀[38;2;16;20;34m[48;2;16;20;34m▀[38;2;16;20;34m[48;2;16;20;34m▀[38;2;16;20;34m[48;2;16;20;34m▀[38;2;16;20;34m[48;2;16;20;34m▀[38;2;16;20;34m[48;2;16;20;34m▀[38;2;16;20;34m[48;2;16;20;34m▀[38;2;16;20;34m[48;2;16;20;34m▀[38;2;16;20;34m[48;2;16;20;34m▀[38;2;16;20;34m[48;2;16;20;34m▀[38;2;16;20;34m[48;2;16;20;34m▀[38;2;16;20;34m[48;2;16;20;34m▀[38;2;16;20;34m[48;2;16;20;34m▀[38;2;16;20;34m[48;2;16;20;34m▀[38;2;16;20;34m[48;2;16;20;34m▀[38;2;16;20;34m[48;2;16;20;34m▀[38;2;16;20;34m[48;2;16;20;34m▀[38;2;16;20;34m[48;2;16;20;34m▀[38;2;16;20;34m[48;2;16;20;34m▀[38;2;16;20;34m[48;2;16;20;34m▀[38;2;16;20;34m[48;2;16;20;34m▀[38;2;16;20;34m[48;2;16;20;34m▀[38;2;16;20;34m[48;2;16;20;34m▀[38;2;16;20;34m[48;2;16;20;34m▀[38;2;16;20;34m[48;2;16;20;34m▀[38;2;16;20;34m[48;2;16;20;34m▀[38;2;16;20;34m[48;2;16;20;34m▀[38;2;16;20;34m[48;2;16;20;34m▀[38;2;16;20;34m[48;2;16;20;34m▀[38;2;16;20;34m[48;2;16;20;34m▀[38;2;16;20;34m[48;2;16;20;34m▀[38;2;16;20;34m[48;2;16;20;34m▀[38;2;16;20;34m[48;2;16;20;34m▀[38;2;16;20;34m[48;2;16;20;34m▀[38;2;16;20;34m[48;2;16;20;34m▀[38;2;16;20;34m[48;2;16;20;34m▀[38;2;16;20;34m[48;2;16;20;34m▀[38;2;16;20;34m[48;2;16;20;34m▀[38;2;16;20;34m[48;2;16;20;34m▀[38;2;16;20;34m[48;2;16;20;34m▀[38;2;16;20;34m[48;2;16;20;34m▀[38;2;16;20;34m[48;2;16;20;34m▀[38;2;16;20;34m[48;2;16;20;34m▀[38;2;16;20;34m[48;2;16;20;34m▀[38;2;16;20;34m[48;2;16;20;34m▀[38;2;16;20;34m[48;2;16;20;34m▀[38;2;16;20;34m[48;2;16;20;34m▀[38;2;16;20;34m[48;2;16;20;34m▀[38;2;16;20;34m[48;2;16;20;34m▀[38;2;16;20;34m[48;2;16;20;34m▀[38;2;16;20;34m[48;2;16;20;34m▀[38;2;16;20;34m[48;2;16;20;34m▀[38;2;16;20;34m[48;2;16;20;34m▀[38;2;16;20;34m[48;2;16;20;34m▀[38;2;16;20;34m[48;2;16;20;34m▀[38;2;16;20;34m[48;2;16;20;34m▀[38;2;16;20;34m[48;2;16;20;34m▀[48;2;16;20;34m[38;2;90;108;156m│[0m
[48;2;16;20;34m[38;2;90;108;156m│[38;2;16;20;34m[48;2;16;20;34m▀[38;2;16;20;34m[48;2;16;20;34m▀[38;2;16;20;34m[48;2;16;20;34m▀[38;2;16;20;34m[48;2;16;20;34m▀[38;2;16;20;34m[48;2;16;20;34m▀[38;2;16;20;34m[48;2;16;20;34m▀[38;2;16;20;34m[48;2;16;20;34m▀[38;2;16;20;34m[48;2;16;20;34m▀[38;2;16;20;34m[48;2;16;20;34m▀[38;2;16;20;34m[48;2;16;20;34m▀[38;2;16;20;34m[48;2;16;20;34m▀[38;2;16;20;34m[48;2;16;20;34m▀[38;2;16;20;34m[48;2;16;20;34m▀[38;2;16;20;34m[48;2;16;20;34m▀[38;2;16;20;34m[48;2;16;20;34m▀[38;2;16;20;34m[48;2;16;20;34m▀[38;2;16;20;34m[48;2;16;20;34m▀[38;2;16;20;34m[48;2;16;20;34m▀[38;2;16;20;34m[48;2;16;20;34m▀[38;2;16;20;34m[48;2;16;20;34m▀[38;2;16;20;34m[48;2;16;20;34m▀[38;2;16;20;34m[48;2;16;20;34m▀[38;2;16;20;34m[48;2;16;20;34m▀[38;2;16;20;34m[48;2;16;20;34m▀[38;2;16;20;34m[48;2;16;20;34m▀[38;2;16;20;34m[48;2;16;20;34m▀[38;2;16;20;34m[48;2;16;20;34m▀[38;2;16;20;34m[48;2;16;20;34m▀[38;2;16;20;34m[48;2;16;20;34m▀[38;2;16;20;34m[48;2;16;20;34m▀[38;2;16;20;34m[48;2;16;20;34m▀[38;2;16;20;34m[48;2;16;20;34m▀[38;2;16;20;34m[48;2;16;20;34m▀[38;2;16;20;34m[48;2;16;20;34m▀[38;2;16;20;34m[48;2;16;20;34m▀[38;2;16;20;34m[48;2;16;20;34m▀[38;2;16;20;34m[48;2;16;20;34m▀[38;2;16;20;34m[48;2;16;20;34m▀[38;2;16;20;34m[48;2;16;20;34m▀[38;2;16;20;34m[48;2;16;20;34m▀[38;2;16;20;34m[48;2;16;20;34m▀[38;2;16;20;34m[48;2;16;20;34m▀[38;2;16;20;34m[48;2;16;20;34m▀[38;2;16;20;34m[48;2;16;20;34m▀[38;2;16;20;34m[48;2;16;20;34m▀[38;2;16;20;34m[48;2;16;20;34m▀[38;2;16;20;34m[48;2;110;132;184m▀[38;2;110;132;184m[48;2;196;222;255m▀[38;2;16;20;34m[48;2;196;222;255m▀[38;2;16;20;34m[48;2;16;20;34m▀[38;2;16;20;34m[48;2;16;20;34m▀[38;2;110;132;184m[48;2;16;20;34m▀[38;2;110;132;184m[48;2;110;132;184m▀[38;2;16;20;34m[48;2;16;20;34m▀[38;2;16;20;34m[48;2;16;20;34m▀[38;2;16;20;34m[48;2;16;20;34m▀[38;2;16;20;34m[48;2;16;20;34m▀[38;2;16;20;34m[48;2;110;132;184m▀[38;2;16;20;34m[48;2;16;20;34m▀[38;2;16;20;34m[48;2;16;20;34m▀[38;2;16;20;34m[48;2;16;20;34m▀[38;2;16;20;34m[48;2;16;20;34m▀[38;2;16;20;34m[48;2;16;20;34m▀[38;2;16;20;34m[48;2;16;20;34m▀[38;2;16;20;34m[48;2;16;20;34m▀[38;2;16;20;34m[48;2;16;20;34m▀[38;2;16;20;34m[48;2;16;20;34m▀[38;2;16;20;34m[48;2;16;20;34m▀[38;2;16;20;34m[48;2;16;20;34m▀[38;2;16;20;34m[48;2;16;20;34m▀[38;2;16;20;34m[48;2;16;20;34m▀[38;2;16;20;34m[48;2;16;20;34m▀[38;2;16;20;34m[48;2;16;20;34m▀[38;2;16;20;34m[48;2;16;20;34m▀[38;2;16;20;34m[48;2;16;20;34m▀[38;2;16;20;34m[48;2;16;20;34m▀[38;2;16;20;34m[48;2;16;20;34m▀[38;2;16;20;34m[48;2;16;20;34m▀[48;2;16;20;34m[38;2;90;108;156m│[0m
[48;2;16;20;34m[38;2;90;108;156m│[38;2;16;20;34m[48;2;16;20;34m▀[38;2;16;20;34m[48;2;16;20;34m▀[38;2;16;20;34m[48;2;16;20;34m▀[38;2;16;20;34m[48;2;16;20;34m▀[38;2;16;20;34m[48;2;16;20;34m▀[38;2;16;20;34m[48;2;16;20;34m▀[38;2;16;20;34m[48;2;16;20;34m▀[38;2;16;20;34m[48;2;16;20;34m▀[38;2;16;20;34m[48;2;16;20;34m▀[38;2;16;20;34m[48;2;16;20;34m▀[38;2;16;20;34m[48;2;16;20;34m▀[38;2;16;20;34m[48;2;16;20;34m▀[38;2;16;20;34m[48;2;16;20;34m▀[38;2;16;20;34m[48;2;16;20;34m▀[38;2;16;20;34m[48;2;16;20;34m▀[38;2;16;20;34m[48;2;16;20;34m▀[38;2;16;20;34m[48;2;16;20;34m▀[38;2;16;20;34m[48;2;16;20;34m▀[38;2;16;20;34m[48;2;16;20;34m▀[38;2;16;20;34m[48;2;16;20;34m▀[38;2;16;20;34m[48;2;16;20;34m▀[38;2;16;20;34m[48;2;16;20;34m▀[38;2;16;20;34m[48;2;16;20;34m▀[38;2;16;20;34m[48;2;16;20;34m▀[38;2;16;20;34m[48;2;16;20;34m▀[38;2;16;20;34m[48;2;16;20;34m▀[38;2;16;20;34m[48;2;16;20;34m▀[38;2;16;20;34m[48;2;16;20;34m▀[38;2;16;20;34m[48;2;16;20;34m▀[38;2;16;20;34m[48;2;16;20;34m▀[38;2;16;20;34m[48;2;16;20;34m▀[38;2;16;20;34m[48;2;16;20;34m▀[38;2;16;20;34m[48;2;16;20;34m▀[38;2;16;20;34m[48;2;16;20;34m▀[38;2;16;20;34m[48;2;196;222;255m▀[38;2;16;20;34m[48;2;196;222;255m▀[38;2;16;20;34m[48;2;196;222;255m▀[38;2;16;20;34m[48;2;196;222;255m▀[38;2;196;222;255m[48;2;196;222;255m▀[38;2;196;222;255m[48;2;196;222;255m▀[38;2;196;222;255m[48;2;196;222;255m▀[38;2;196;222;255m[48;2;196;222;255m▀[38;2;196;222;255m[48;2;196;222;255m▀[38;2;196;222;255m[48;2;196;222;255m▀[38;2;196;222;255m[48;2;196;222;255m▀[38;2;196;222;255m[48;2;196;222;255m▀[38;2;16;20;34m[48;2;196;222;255m▀[38;2;196;222;255m[48;2;196;222;255m▀[38;2;16;20;34m[48;2;58;78;128m▀[38;2;196;222;255m[48;2;196;222;255m▀[38;2;110;132;184m[48;2;110;132;184m▀[38;2;110;132;184m[48;2;110;132;184m▀[38;2;110;132;184m[48;2;110;132;184m▀[38;2;16;20;34m[48;2;16;20;34m▀[38;2;16;20;34m[48;2;110;132;184m▀[38;2;16;20;34m[48;2;16;20;34m▀[38;2;16;20;34m[48;2;16;20;34m▀[38;2;16;20;34m[48;2;110;132;184m▀[38;2;16;20;34m[48;2;16;20;34m▀[38;2;16;20;34m[48;2;16;20;34m▀[38;2;16;20;34m[48;2;16;20;34m▀[38;2;16;20;34m[48;2;16;20;34m▀[38;2;16;20;34m[48;2;16;20;34m▀[38;2;16;20;34m[48;2;16;20;34m▀[38;2;16;20;34m[48;2;16;20;34m▀[38;2;16;20;34m[48;2;16;20;34m▀[38;2;16;20;34m[48;2;16;20;34m▀[38;2;16;20;34m[48;2;16;20;34m▀[38;2;16;20;34m[48;2;16;20;34m▀[38;2;16;20;34m[48;2;16;20;34m▀[38;2;16;20;34m[48;2;16;20;34m▀[38;2;16;20;34m[48;2;16;20;34m▀[38;2;16;20;34m[48;2;16;20;34m▀[38;2;16;20;34m[48;2;16;20;34m▀[38;2;16;20;34m[48;2;16;20;34m▀[38;2;16;20;34m[48;2;16;20;34m▀[38;2;16;20;34m[48;2;16;20;34m▀[38;2;16;20;34m[48;2;16;20;34m▀[48;2;16;20;34m[38;2;90;108;156m│[0m
[48;2;16;20;34m[38;2;90;108;156m│[38;2;16;20;34m[48;2;16;20;34m▀[38;2;16;20;34m[48;2;16;20;34m▀[38;2;16;20;34m[48;2;16;20;34m▀[38;2;16;20;34m[48;2;16;20;34m▀[38;2;16;20;34m[48;2;16;20;34m▀[38;2;16;20;34m[48;2;16;20;34m▀[38;2;16;20;34m[48;2;16;20;34m▀[38;2;16;20;34m[48;2;16;20;34m▀[38;2;16;20;34m[48;2;16;20;34m▀[38;2;16;20;34m[48;2;16;20;34m▀[38;2;16;20;34m[48;2;16;20;34m▀[38;2;16;20;34m[48;2;16;20;34m▀[38;2;16;20;34m[48;2;16;20;34m▀[38;2;16;20;34m[48;2;16;20;34m▀[38;2;16;20;34m[48;2;16;20;34m▀[38;2;16;20;34m[48;2;16;20;34m▀[38;2;16;20;34m[48;2;16;20;34m▀[38;2;16;20;34m[48;2;16;20;34m▀[38;2;16;20;34m[48;2;16;20;34m▀[38;2;16;20;34m[48;2;16;20;34m▀[38;2;16;20;34m[48;2;16;20;34m▀[38;2;16;20;34m[48;2;16;20;34m▀[38;2;16;20;34m[48;2;16;20;34m▀[38;2;16;20;34m[48;2;16;20;34m▀[38;2;16;20;34m[48;2;16;20;34m▀[38;2;16;20;34m[48;2;16;20;34m▀[38;2;16;20;34m[48;2;16;20;34m▀[38;2;16;20;34m[48;2;16;20;34m▀[38;2;16;20;34m[48;2;16;20;34m▀[38;2;16;20;34m[48;2;16;20;34m▀[38;2;16;20;34m[48;2;196;222;255m▀[38;2;16;20;34m[48;2;196;222;255m▀[38;2;196;222;255m[48;2;196;222;255m▀[38;2;196;222;255m[48;2;196;222;255m▀[38;2;196;222;255m[48;2;196;222;255m▀[38;2;196;222;255m[48;2;196;222;255m▀[38;2;196;222;255m[48;2;196;222;255m▀[38;2;196;222;255m[48;2;196;222;255m▀[38;2;196;222;255m[48;2;58;78;128m▀[38;2;196;222;255m[48;2;58;78;128m▀[38;2;196;222;255m[48;2;58;78;128m▀[38;2;196;222;255m[48;2;58;78;128m▀[38;2;196;222;255m[48;2;58;78;128m▀[38;2;196;222;255m[48;2;58;78;128m▀[38;2;196;222;255m[48;2;58;78;128m▀[38;2;196;222;255m[48;2;58;78;128m▀[38;2;196;222;255m[48;2;58;78;128m▀[38;2;58;78;128m[48;2;58;78;128m▀[38;2;58;78;128m[48;2;58;78;128m▀[38;2;16;20;34m[48;2;196;222;255m▀[38;2;196;222;255m[48;2;196;222;255m▀[38;2;110;132;184m[48;2;196;222;255m▀[38;2;110;132;184m[48;2;110;132;184m▀[38;2;16;20;34m[48;2;110;132;184m▀[38;2;110;132;184m[48;2;110;132;184m▀[38;2;16;20;34m[48;2;16;20;34m▀[38;2;110;132;184m[48;2;16;20;34m▀[38;2;16;20;34m[48;2;16;20;34m▀[38;2;16;20;34m[48;2;16;20;34m▀[38;2;16;20;34m[48;2;16;20;34m▀[38;2;16;20;34m[48;2;16;20;34m▀[38;2;16;20;34m[48;2;110;132;184m▀[38;2;16;20;34m[48;2;16;20;34m▀[38;2;16;20;34m[48;2;16;20;34m▀[38;2;16;20;34m[48;2;16;20;34m▀[38;2;16;20;34m[48;2;16;20;34m▀[38;2;16;20;34m[48;2;16;20;34m▀[38;2;16;20;34m[48;2;16;20;34m▀[38;2;16;20;34m[48;2;16;20;34m▀[38;2;16;20;34m[48;2;16;20;34m▀[38;2;16;20;34m[48;2;16;20;34m▀[38;2;16;20;34m[48;2;16;20;34m▀[38;2;16;20;34m[48;2;16;20;34m▀[38;2;16;20;34m[48;2;16;20;34m▀[38;2;16;20;34m[48;2;16;20;34m▀[38;2;16;20;34m[48;2;16;20;34m▀[38;2;16;20;34m[48;2;16;20;34m▀[38;2;16;20;34m[48;2;16;20;34m▀[48;2;16;20;34m[38;2;90;108;156m│[0m
[48;2;16;20;34m[38;2;90;108;156m│[38;2;16;20;34m[48;2;16;20;34m▀[38;2;16;20;34m[48;2;16;20;34m▀[38;2;16;20;34m[48;2;16;20;34m▀[38;2;16;20;34m[48;2;16;20;34m▀[38;2;16;20;34m[48;2;16;20;34m▀[38;2;16;20;34m[48;2;16;20;34m▀[38;2;16;20;34m[48;2;16;20;34m▀[38;2;16;20;34m[48;2;16;20;34m▀[38;2;16;20;34m[48;2;16;20;34m▀[38;2;16;20;34m[48;2;16;20;34m▀[38;2;16;20;34m[48;2;16;20;34m▀[38;2;16;20;34m[48;2;16;20;34m▀[38;2;16;20;34m[48;2;16;20;34m▀[38;2;16;20;34m[48;2;16;20;34m▀[38;2;16;20;34m[48;2;16;20;34m▀[38;2;16;20;34m[48;2;16;20;34m▀[38;2;16;20;34m[48;2;16;20;34m▀[38;2;16;20;34m[48;2;16;20;34m▀[38;2;16;20;34m[48;2;16;20;34m▀[38;2;16;20;34m[48;2;16;20;34m▀[38;2;16;20;34m[48;2;16;20;34m▀[38;2;16;20;34m[48;2;16;20;34m▀[38;2;16;20;34m[48;2;16;20;34m▀[38;2;16;20;34m[48;2;16;20;34m▀[38;2;16;20;34m[48;2;16;20;34m▀[38;2;16;20;34m[48;2;196;222;255m▀[38;2;16;20;34m[48;2;196;222;255m▀[38;2;196;222;255m[48;2;196;222;255m▀[38;2;196;222;255m[48;2;196;222;255m▀[38;2;196;222;255m[48;2;58;78;128m▀[38;2;196;222;255m[48;2;58;78;128m▀[38;2;196;222;255m[48;2;58;78;128m▀[38;2;196;222;255m[48;2;58;78;128m▀[38;2;196;222;255m[48;2;58;78;128m▀[38;2;58;78;128m[48;2;58;78;128m▀[38;2;58;78;128m[48;2;58;78;128m▀[38;2;58;78;128m[48;2;58;78;128m▀[38;2;58;78;128m[48;2;58;78;128m▀[38;2;58;78;128m[48;2;170;255;250m▀[38;2;58;78;128m[48;2;58;78;128m▀[38;2;58;78;128m[48;2;58;78;128m▀[38;2;58;78;128m[48;2;58;78;128m▀[38;2;58;78;128m[48;2;58;78;128m▀[38;2;58;78;128m[48;2;58;78;128m▀[38;2;58;78;128m[48;2;58;78;128m▀[38;2;58;78;128m[48;2;58;78;128m▀[38;2;58;78;128m[48;2;16;20;34m▀[38;2;58;78;128m[48;2;58;78;128m▀[38;2;58;78;128m[48;2;58;78;128m▀[38;2;58;78;128m[48;2;58;78;128m▀[38;2;16;20;34m[48;2;58;78;128m▀[38;2;196;222;255m[48;2;58;78;128m▀[38;2;196;222;255m[48;2;196;222;255m▀[38;2;110;132;184m[48;2;110;132;184m▀[38;2;16;20;34m[48;2;16;20;34m▀[38;2;110;132;184m[48;2;110;132;184m▀[38;2;16;20;34m[48;2;16;20;34m▀[38;2;16;20;34m[48;2;16;20;34m▀[38;2;110;132;184m[48;2;110;132;184m▀[38;2;16;20;34m[48;2;16;20;34m▀[38;2;110;132;184m[48;2;16;20;34m▀[38;2;16;20;34m[48;2;16;20;34m▀[38;2;16;20;34m[48;2;16;20;34m▀[38;2;16;20;34m[48;2;16;20;34m▀[38;2;16;20;34m[48;2;16;20;34m▀[38;2;16;20;34m[48;2;16;20;34m▀[38;2;16;20;34m[48;2;16;20;34m▀[38;2;16;20;34m[48;2;16;20;34m▀[38;2;16;20;34m[48;2;16;20;34m▀[38;2;16;20;34m[48;2;16;20;34m▀[38;2;16;20;34m[48;2;16;20;34m▀[38;2;16;20;34m[48;2;16;20;34m▀[38;2;16;20;34m[48;2;16;20;34m▀[38;2;16;20;34m[48;2;16;20;34m▀[38;2;16;20;34m[48;2;16;20;34m▀[38;2;16;20;34m[48;2;16;20;34m▀[38;2;16;20;34m[48;2;16;20;34m▀[38;2;16;20;34m[48;2;16;20;34m▀[48;2;16;20;34m[38;2;90;108;156m│[0m
[48;2;16;20;34m[38;2;90;108;156m│[38;2;16;20;34m[48;2;16;20;34m▀[38;2;16;20;34m[48;2;16;20;34m▀[38;2;16;20;34m[48;2;16;20;34m▀[38;2;16;20;34m[48;2;16;20;34m▀[38;2;16;20;34m[48;2;16;20;34m▀[38;2;16;20;34m[48;2;16;20;34m▀[38;2;16;20;34m[48;2;16;20;34m▀[38;2;16;20;34m[48;2;16;20;34m▀[38;2;16;20;34m[48;2;16;20;34m▀[38;2;16;20;34m[48;2;16;20;34m▀[38;2;16;20;34m[48;2;16;20;34m▀[38;2;16;20;34m[48;2;16;20;34m▀[38;2;16;20;34m[48;2;16;20;34m▀[38;2;16;20;34m[48;2;16;20;34m▀[38;2;16;20;34m[48;2;16;20;34m▀[38;2;16;20;34m[48;2;16;20;34m▀[38;2;16;20;34m[48;2;16;20;34m▀[38;2;16;20;34m[48;2;16;20;34m▀[38;2;16;20;34m[48;2;16;20;34m▀[38;2;16;20;34m[48;2;16;20;34m▀[38;2;16;20;34m[48;2;58;78;128m▀[38;2;16;20;34m[48;2;16;20;34m▀[38;2;16;20;34m[48;2;196;222;255m▀[38;2;16;20;34m[48;2;58;78;128m▀[38;2;196;222;255m[48;2;58;78;128m▀[38;2;196;222;255m[48;2;58;78;128m▀[38;2;58;78;128m[48;2;58;78;128m▀[38;2;58;78;128m[48;2;58;78;128m▀[38;2;58;78;128m[48;2;58;78;128m▀[38;2;58;78;128m[48;2;58;78;128m▀[38;2;58;78;128m[48;2;58;78;128m▀[38;2;58;78;128m[48;2;58;78;128m▀[38;2;58;78;128m[48;2;58;78;128m▀[38;2;58;78;128m[48;2;58;78;128m▀[38;2;58;78;128m[48;2;170;255;250m▀[38;2;58;78;128m[48;2;170;255;250m▀[38;2;170;255;250m[48;2;170;255;250m▀[38;2;170;255;250m[48;2;170;255;250m▀[38;2;170;255;250m[48;2;58;78;128m▀[38;2;58;78;128m[48;2;58;78;128m▀[38;2;58;78;128m[48;2;58;78;128m▀[38;2;58;78;128m[48;2;58;78;128m▀[38;2;58;78;128m[48;2;58;78;128m▀[38;2;58;78;128m[48;2;58;78;128m▀[38;2;58;78;128m[48;2;58;78;128m▀[38;2;58;78;128m[48;2;58;78;128m▀[38;2;58;78;128m[48;2;58;78;128m▀[38;2;58;78;128m[48;2;58;78;128m▀[38;2;58;78;128m[48;2;58;78;128m▀[38;2;58;78;128m[48;2;58;78;128m▀[38;2;58;78;128m[48;2;58;78;128m▀[38;2;16;20;34m[48;2;58;78;128m▀[38;2;58;78;128m[48;2;58;78;128m▀[38;2;16;20;34m[48;2;58;78;128m▀[38;2;110;132;184m[48;2;58;78;128m▀[38;2;110;132;184m[48;2;110;132;184m▀[38;2;16;20;34m[48;2;16;20;34m▀[38;2;110;132;184m[48;2;110;132;184m▀[38;2;16;20;34m[48;2;110;132;184m▀[38;2;110;132;184m[48;2;16;20;34m▀[38;2;110;132;184m[48;2;110;132;184m▀[38;2;16;20;34m[48;2;110;132;184m▀[38;2;16;20;34m[48;2;16;20;34m▀[38;2;16;20;34m[48;2;16;20;34m▀[38;2;16;20;34m[48;2;16;20;34m▀[38;2;16;20;34m[48;2;16;20;34m▀[38;2;16;20;34m[48;2;16;20;34m▀[38;2;16;20;34m[48;2;16;20;34m▀[38;2;16;20;34m[48;2;16;20;34m▀[38;2;16;20;34m[48;2;16;20;34m▀[38;2;16;20;34m[48;2;16;20;34m▀[38;2;16;20;34m[48;2;16;20;34m▀[38;2;16;20;34m[48;2;16;20;34m▀[38;2;16;20;34m[48;2;16;20;34m▀[38;2;16;20;34m[48;2;16;20;34m▀[38;2;16;20;34m[48;2;16;20;34m▀[38;2;16;20;34m[48;2;16;20;34m▀[38;2;16;20;34m[48;2;16;20;34m▀[48;2;16;20;34m[38;2;90;108;156m│[0m
[48;2;16;20;34m[38;2;90;108;156m│[38;2;16;20;34m[48;2;16;20;34m▀[38;2;16;20;34m[48;2;16;20;34m▀[38;2;16;20;34m[48;2;16;20;34m▀[38;2;16;20;34m[48;2;16;20;34m▀[38;2;16;20;34m[48;2;16;20;34m▀[38;2;16;20;34m[48;2;16;20;34m▀[38;2;16;20;34m[48;2;16;20;34m▀[38;2;16;20;34m[48;2;16;20;34m▀[38;2;16;20;34m[48;2;16;20;34m▀[38;2;16;20;34m[48;2;16;20;34m▀[38;2;16;20;34m[48;2;16;20;34m▀[38;2;16;20;34m[48;2;16;20;34m▀[38;2;16;20;34m[48;2;16;20;34m▀[38;2;16;20;34m[48;2;16;20;34m▀[38;2;16;20;34m[48;2;16;20;34m▀[38;2;16;20;34m[48;2;16;20;34m▀[38;2;16;20;34m[48;2;16;20;34m▀[38;2;16;20;34m[48;2;16;20;34m▀[38;2;16;20;34m[48;2;58;78;128m▀[38;2;58;78;128m[48;2;58;78;128m▀[38;2;58;78;128m[48;2;58;78;128m▀[38;2;58;78;128m[48;2;58;78;128m▀[38;2;58;78;128m[48;2;58;78;128m▀[38;2;58;78;128m[48;2;58;78;128m▀[38;2;58;78;128m[48;2;58;78;128m▀[38;2;58;78;128m[48;2;58;78;128m▀[38;2;58;78;128m[48;2;58;78;128m▀[38;2;58;78;128m[48;2;58;78;128m▀[38;2;58;78;128m[48;2;58;78;128m▀[38;2;58;78;128m[48;2;58;78;128m▀[38;2;58;78;128m[48;2;58;78;128m▀[38;2;58;78;128m[48;2;58;78;128m▀[38;2;170;255;250m[48;2;58;78;128m▀[38;2;170;255;250m[48;2;170;255;250m▀[38;2;170;255;250m[48;2;170;255;250m▀[38;2;58;78;128m[48;2;170;255;250m▀[38;2;170;255;250m[48;2;170;255;250m▀[38;2;170;255;250m[48;2;58;78;128m▀[38;2;58;78;128m[48;2;58;78;128m▀[38;2;58;78;128m[48;2;58;78;128m▀[38;2;58;78;128m[48;2;58;78;128m▀[38;2;58;78;128m[48;2;58;78;128m▀[38;2;58;78;128m[48;2;58;78;128m▀[38;2;58;78;128m[48;2;58;78;128m▀[38;2;58;78;128m[48;2;58;78;128m▀[38;2;58;78;128m[48;2;58;78;128m▀[38;2;58;78;128m[48;2;58;78;128m▀[38;2;58;78;128m[48;2;58;78;128m▀[38;2;58;78;128m[48;2;58;78;128m▀[38;2;58;78;128m[48;2;58;78;128m▀[38;2;58;78;128m[48;2;58;78;128m▀[38;2;58;78;128m[48;2;58;78;128m▀[38;2;58;78;128m[48;2;58;78;128m▀[38;2;58;78;128m[48;2;58;78;128m▀[38;2;58;78;128m[48;2;58;78;128m▀[38;2;16;20;34m[48;2;16;20;34m▀[38;2;110;132;184m[48;2;16;20;34m▀[38;2;16;20;34m[48;2;110;132;184m▀[38;2;16;20;34m[48;2;110;132;184m▀[38;2;16;20;34m[48;2;110;132;184m▀[38;2;110;132;184m[48;2;110;132;184m▀[38;2;110;132;184m[48;2;16;20;34m▀[38;2;16;20;34m[48;2;16;20;34m▀[38;2;16;20;34m[48;2;16;20;34m▀[38;2;16;20;34m[48;2;16;20;34m▀[38;2;16;20;34m[48;2;16;20;34m▀[38;2;16;20;34m[48;2;16;20;34m▀[38;2;16;20;34m[48;2;16;20;34m▀[38;2;16;20;34m[48;2;16;20;34m▀[38;2;16;20;34m[48;2;16;20;34m▀[38;2;16;20;34m[48;2;16;20;34m▀[38;2;16;20;34m[48;2;16;20;34m▀[38;2;16;20;34m[48;2;16;20;34m▀[38;2;16;20;34m[48;2;16;20;34m▀[38;2;16;20;34m[48;2;16;20;34m▀[38;2;16;20;34m[48;2;16;20;34m▀[38;2;16;20;34m[48;2;16;20;34m▀[38;2;16;20;34m[48;2;16;20;34m▀[48;2;16;20;34m[38;2;90;108;156m│[0m
[48;2;16;20;34m[38;2;90;108;156m│[38;2;16;20;34m[48;2;16;20;34m▀[38;2;16;20;34m[48;2;16;20;34m▀[38;2;16;20;34m[48;2;16;20;34m▀[38;2;16;20;34m[48;2;16;20;34m▀[38;2;16;20;34m[48;2;16;20;34m▀[38;2;16;20;34m[48;2;16;20;34m▀[38;2;16;20;34m[48;2;16;20;34m▀[38;2;16;20;34m[48;2;16;20;34m▀[38;2;16;20;34m[48;2;16;20;34m▀[38;2;16;20;34m[48;2;16;20;34m▀[38;2;16;20;34m[48;2;16;20;34m▀[38;2;16;20;34m[48;2;16;20;34m▀[38;2;16;20;34m[48;2;16;20;34m▀[38;2;16;20;34m[48;2;16;20;34m▀[38;2;16;20;34m[48;2;16;20;34m▀[38;2;16;20;34m[48;2;16;20;34m▀[38;2;16;20;34m[48;2;16;20;34m▀[38;2;16;20;34m[48;2;16;20;34m▀[38;2;58;78;128m[48;2;16;20;34m▀[38;2;58;78;128m[48;2;58;78;128m▀[38;2;58;78;128m[48;2;58;78;128m▀[38;2;58;78;128m[48;2;58;78;128m▀[38;2;58;78;128m[48;2;58;78;128m▀[38;2;58;78;128m[48;2;196;222;255m▀[38;2;58;78;128m[48;2;196;222;255m▀[38;2;58;78;128m[48;2;196;222;255m▀[38;2;58;78;128m[48;2;196;222;255m▀[38;2;58;78;128m[48;2;196;222;255m▀[38;2;58;78;128m[48;2;196;222;255m▀[38;2;58;78;128m[48;2;196;222;255m▀[38;2;58;78;128m[48;2;196;222;255m▀[38;2;58;78;128m[48;2;196;222;255m▀[38;2;58;78;128m[48;2;196;222;255m▀[38;2;58;78;128m[48;2;196;222;255m▀[38;2;58;78;128m[48;2;196;222;255m▀[38;2;58;78;128m[48;2;58;78;128m▀[38;2;58;78;128m[48;2;58;78;128m▀[38;2;58;78;128m[48;2;58;78;128m▀[38;2;58;78;128m[48;2;58;78;128m▀[38;2;58;78;128m[48;2;58;78;128m▀[38;2;58;78;128m[48;2;58;78;128m▀[38;2;58;78;128m[48;2;58;78;128m▀[38;2;58;78;128m[48;2;58;78;128m▀[38;2;58;78;128m[48;2;58;78;128m▀[38;2;58;78;128m[48;2;58;78;128m▀[38;2;58;78;128m[48;2;58;78;128m▀[38;2;58;78;128m[48;2;58;78;128m▀[38;2;58;78;128m[48;2;58;78;128m▀[38;2;58;78;128m[48;2;16;20;34m▀[38;2;58;78;128m[48;2;58;78;128m▀[38;2;58;78;128m[48;2;58;78;128m▀[38;2;58;78;128m[48;2;58;78;128m▀[38;2;58;78;128m[48;2;16;20;34m▀[38;2;58;78;128m[48;2;16;20;34m▀[38;2;16;20;34m[48;2;16;20;34m▀[38;2;16;20;34m[48;2;58;78;128m▀[38;2;16;20;34m[48;2;16;20;34m▀[38;2;110;132;184m[48;2;110;132;184m▀[38;2;110;132;184m[48;2;110;132;184m▀[38;2;16;20;34m[48;2;16;20;34m▀[38;2;16;20;34m[48;2;16;20;34m▀[38;2;16;20;34m[48;2;16;20;34m▀[38;2;16;20;34m[48;2;16;20;34m▀[38;2;16;20;34m[48;2;16;20;34m▀[38;2;16;20;34m[48;2;16;20;34m▀[38;2;16;20;34m[48;2;16;20;34m▀[38;2;16;20;34m[48;2;16;20;34m▀[38;2;16;20;34m[48;2;16;20;34m▀[38;2;16;20;34m[48;2;16;20;34m▀[38;2;16;20;34m[48;2;16;20;34m▀[38;2;16;20;34m[48;2;16;20;34m▀[38;2;16;20;34m[48;2;16;20;34m▀[38;2;16;20;34m[48;2;16;20;34m▀[38;2;16;20;34m[48;2;16;20;34m▀[38;2;16;20;34m[48;2;16;20;34m▀[38;2;16;20;34m[48;2;16;20;34m▀[38;2;16;20;34m[48;2;16;20;34m▀[38;2;16;20;34m[48;2;16;20;34m▀[48;2;16;20;34m[38;2;90;108;156m│[0m
[48;2;16;20;34m[38;2;90;108;156m│[38;2;16;20;34m[48;2;16;20;34m▀[38;2;16;20;34m[48;2;16;20;34m▀[38;2;16;20;34m[48;2;16;20;34m▀[38;2;16;20;34m[48;2;16;20;34m▀[38;2;16;20;34m[48;2;16;20;34m▀[38;2;16;20;34m[48;2;16;20;34m▀[38;2;16;20;34m[48;2;16;20;34m▀[38;2;16;20;34m[48;2;16;20;34m▀[38;2;16;20;34m[48;2;16;20;34m▀[38;2;16;20;34m[48;2;16;20;34m▀[38;2;16;20;34m[48;2;16;20;34m▀[38;2;16;20;34m[48;2;16;20;34m▀[38;2;16;20;34m[48;2;16;20;34m▀[38;2;16;20;34m[48;2;16;20;34m▀[38;2;16;20;34m[48;2;16;20;34m▀[38;2;16;20;34m[48;2;16;20;34m▀[38;2;16;20;34m[48;2;16;20;34m▀[38;2;16;20;34m[48;2;16;20;34m▀[38;2;16;20;34m[48;2;16;20;34m▀[38;2;16;20;34m[48;2;16;20;34m▀[38;2;196;222;255m[48;2;16;20;34m▀[38;2;24;30;60m[48;2;58;78;128m▀[38;2;24;30;60m[48;2;196;222;255m▀[38;2;24;30;60m[48;2;196;222;255m▀[38;2;24;30;60m[48;2;196;222;255m▀[38;2;196;222;255m[48;2;24;30;60m▀[38;2;196;222;255m[48;2;24;30;60m▀[38;2;196;222;255m[48;2;24;30;60m▀[38;2;196;222;255m[48;2;24;30;60m▀[38;2;196;222;255m[48;2;24;30;60m▀[38;2;196;222;255m[48;2;196;222;255m▀[38;2;196;222;255m[48;2;196;222;255m▀[38;2;196;222;255m[48;2;196;222;255m▀[38;2;196;222;255m[48;2;196;222;255m▀[38;2;196;222;255m[48;2;196;222;255m▀[38;2;196;222;255m[48;2;196;222;255m▀[38;2;196;222;255m[48;2;196;222;255m▀[38;2;196;222;255m[48;2;196;222;255m▀[38;2;196;222;255m[48;2;196;222;255m▀[38;2;196;222;255m[48;2;196;222;255m▀[38;2;196;222;255m[48;2;196;222;255m▀[38;2;196;222;255m[48;2;196;222;255m▀[38;2;196;222;255m[48;2;196;222;255m▀[38;2;196;222;255m[48;2;196;222;255m▀[38;2;196;222;255m[48;2;196;222;255m▀[38;2;196;222;255m[48;2;196;222;255m▀[38;2;196;222;255m[48;2;196;222;255m▀[38;2;16;20;34m[48;2;196;222;255m▀[38;2;196;222;255m[48;2;196;222;255m▀[38;2;58;78;128m[48;2;58;78;128m▀[38;2;58;78;128m[48;2;58;78;128m▀[38;2;58;78;128m[48;2;58;78;128m▀[38;2;58;78;128m[48;2;58;78;128m▀[38;2;58;78;128m[48;2;16;20;34m▀[38;2;58;78;128m[48;2;16;20;34m▀[38;2;16;20;34m[48;2;16;20;34m▀[38;2;16;20;34m[48;2;16;20;34m▀[38;2;16;20;34m[48;2;16;20;34m▀[38;2;16;20;34m[48;2;16;20;34m▀[38;2;16;20;34m[48;2;110;132;184m▀[38;2;16;20;34m[48;2;110;132;184m▀[38;2;16;20;34m[48;2;16;20;34m▀[38;2;16;20;34m[48;2;16;20;34m▀[38;2;16;20;34m[48;2;16;20;34m▀[38;2;16;20;34m[48;2;16;20;34m▀[38;2;16;20;34m[48;2;16;20;34m▀[38;2;16;20;34m[48;2;16;20;34m▀[38;2;16;20;34m[48;2;16;20;34m▀[38;2;16;20;34m[48;2;16;20;34m▀[38;2;16;20;34m[48;2;16;20;34m▀[38;2;16;20;34m[48;2;16;20;34m▀[38;2;16;20;34m[48;2;16;20;34m▀[38;2;16;20;34m[48;2;16;20;34m▀[38;2;16;20;34m[48;2;16;20;34m▀[38;2;16;20;34m[48;2;16;20;34m▀[38;2;16;20;34m[48;2;16;20;34m▀[38;2;16;20;34m[48;2;16;20;34m▀[38;2;16;20;34m[48;2;16;20;34m▀[48;2;16;20;34m[38;2;90;108;156m│[0m
[48;2;16;20;34m[38;2;90;108;156m│[38;2;16;20;34m[48;2;16;20;34m▀[38;2;16;20;34m[48;2;16;20;34m▀[38;2;16;20;34m[48;2;16;20;34m▀[38;2;16;20;34m[48;2;16;20;34m▀[38;2;16;20;34m[48;2;16;20;34m▀[38;2;16;20;34m[48;2;16;20;34m▀[38;2;16;20;34m[48;2;16;20;34m▀[38;2;16;20;34m[48;2;16;20;34m▀[38;2;16;20;34m[48;2;16;20;34m▀[38;2;16;20;34m[48;2;16;20;34m▀[38;2;16;20;34m[48;2;16;20;34m▀[38;2;16;20;34m[48;2;16;20;34m▀[38;2;16;20;34m[48;2;16;20;34m▀[38;2;16;20;34m[48;2;16;20;34m▀[38;2;16;20;34m[48;2;16;20;34m▀[38;2;16;20;34m[48;2;16;20;34m▀[38;2;16;20;34m[48;2;16;20;34m▀[38;2;16;20;34m[48;2;16;20;34m▀[38;2;16;20;34m[48;2;16;20;34m▀[38;2;16;20;34m[48;2;16;20;34m▀[38;2;16;20;34m[48;2;16;20;34m▀[38;2;16;20;34m[48;2;16;20;34m▀[38;2;58;78;128m[48;2;16;20;34m▀[38;2;58;78;128m[48;2;58;78;128m▀[38;2;58;78;128m[48;2;58;78;128m▀[38;2;58;78;128m[48;2;58;78;128m▀[38;2;58;78;128m[48;2;58;78;128m▀[38;2;58;78;128m[48;2;58;78;128m▀[38;2;58;78;128m[48;2;58;78;128m▀[38;2;58;78;128m[48;2;58;78;128m▀[38;2;24;30;60m[48;2;58;78;128m▀[38;2;24;30;60m[48;2;58;78;128m▀[38;2;24;30;60m[48;2;58;78;128m▀[38;2;24;30;60m[48;2;58;78;128m▀[38;2;24;30;60m[48;2;58;78;128m▀[38;2;24;30;60m[48;2;58;78;128m▀[38;2;196;222;255m[48;2;58;78;128m▀[38;2;196;222;255m[48;2;196;222;255m▀[38;2;196;222;255m[48;2;196;222;255m▀[38;2;196;222;255m[48;2;196;222;255m▀[38;2;196;222;255m[48;2;196;222;255m▀[38;2;196;222;255m[48;2;196;222;255m▀[38;2;196;222;255m[48;2;196;222;255m▀[38;2;196;222;255m[48;2;196;222;255m▀[38;2;196;222;255m[48;2;196;222;255m▀[38;2;196;222;255m[48;2;196;222;255m▀[38;2;196;222;255m[48;2;196;222;255m▀[38;2;196;222;255m[48;2;196;222;255m▀[38;2;196;222;255m[48;2;196;222;255m▀[38;2;196;222;255m[48;2;196;222;255m▀[38;2;58;78;128m[48;2;16;20;34m▀[38;2;58;78;128m[48;2;16;20;34m▀[38;2;58;78;128m[48;2;16;20;34m▀[38;2;58;78;128m[48;2;58;78;128m▀[38;2;58;78;128m[48;2;58;78;128m▀[38;2;16;20;34m[48;2;16;20;34m▀[38;2;58;78;128m[48;2;16;20;34m▀[38;2;16;20;34m[48;2;58;78;128m▀[38;2;110;132;184m[48;2;110;132;184m▀[38;2;16;20;34m[48;2;110;132;184m▀[38;2;16;20;34m[48;2;16;20;34m▀[38;2;16;20;34m[48;2;16;20;34m▀[38;2;16;20;34m[48;2;16;20;34m▀[38;2;16;20;34m[48;2;16;20;34m▀[38;2;16;20;34m[48;2;16;20;34m▀[38;2;16;20;34m[48;2;16;20;34m▀[38;2;16;20;34m[48;2;16;20;34m▀[38;2;16;20;34m[48;2;16;20;34m▀[38;2;16;20;34m[48;2;16;20;34m▀[38;2;16;20;34m[48;2;16;20;34m▀[38;2;16;20;34m[48;2;16;20;34m▀[38;2;16;20;34m[48;2;16;20;34m▀[38;2;16;20;34m[48;2;16;20;34m▀[38;2;16;20;34m[48;2;16;20;34m▀[38;2;16;20;34m[48;2;16;20;34m▀[38;2;16;20;34m[48;2;16;20;34m▀[38;2;16;20;34m[48;2;16;20;34m▀[38;2;16;20;34m[48;2;16;20;34m▀[48;2;16;20;34m[38;2;90;108;156m│[0m
[48;2;16;20;34m[38;2;90;108;156m│[38;2;16;20;34m[48;2;16;20;34m▀[38;2;16;20;34m[48;2;16;20;34m▀[38;2;16;20;34m[48;2;16;20;34m▀[38;2;16;20;34m[48;2;16;20;34m▀[38;2;16;20;34m[48;2;16;20;34m▀[38;2;16;20;34m[48;2;16;20;34m▀[38;2;16;20;34m[48;2;16;20;34m▀[38;2;16;20;34m[48;2;16;20;34m▀[38;2;16;20;34m[48;2;16;20;34m▀[38;2;16;20;34m[48;2;16;20;34m▀[38;2;16;20;34m[48;2;16;20;34m▀[38;2;16;20;34m[48;2;16;20;34m▀[38;2;16;20;34m[48;2;16;20;34m▀[38;2;16;20;34m[48;2;16;20;34m▀[38;2;16;20;34m[48;2;16;20;34m▀[38;2;16;20;34m[48;2;16;20;34m▀[38;2;16;20;34m[48;2;16;20;34m▀[38;2;16;20;34m[48;2;16;20;34m▀[38;2;16;20;34m[48;2;16;20;34m▀[38;2;16;20;34m[48;2;16;20;34m▀[38;2;16;20;34m[48;2;16;20;34m▀[38;2;16;20;34m[48;2;16;20;34m▀[38;2;16;20;34m[48;2;16;20;34m▀[38;2;16;20;34m[48;2;16;20;34m▀[38;2;16;20;34m[48;2;16;20;34m▀[38;2;16;20;34m[48;2;16;20;34m▀[38;2;58;78;128m[48;2;16;20;34m▀[38;2;58;78;128m[48;2;16;20;34m▀[38;2;58;78;128m[48;2;16;20;34m▀[38;2;58;78;128m[48;2;16;20;34m▀[38;2;58;78;128m[48;2;196;222;255m▀[38;2;58;78;128m[48;2;196;222;255m▀[38;2;58;78;128m[48;2;58;78;128m▀[38;2;58;78;128m[48;2;58;78;128m▀[38;2;58;78;128m[48;2;196;222;255m▀[38;2;58;78;128m[48;2;196;222;255m▀[38;2;196;222;255m[48;2;196;222;255m▀[38;2;196;222;255m[48;2;196;222;255m▀[38;2;196;222;255m[48;2;196;222;255m▀[38;2;196;222;255m[48;2;196;222;255m▀[38;2;196;222;255m[48;2;196;222;255m▀[38;2;196;222;255m[48;2;196;222;255m▀[38;2;196;222;255m[48;2;196;222;255m▀[38;2;196;222;255m[48;2;196;222;255m▀[38;2;196;222;255m[48;2;196;222;255m▀[38;2;196;222;255m[48;2;196;222;255m▀[38;2;196;222;255m[48;2;196;222;255m▀[38;2;196;222;255m[48;2;196;222;255m▀[38;2;196;222;255m[48;2;196;222;255m▀[38;2;196;222;255m[48;2;196;222;255m▀[38;2;58;78;128m[48;2;196;222;255m▀[38;2;58;78;128m[48;2;16;20;34m▀[38;2;58;78;128m[48;2;16;20;34m▀[38;2;58;78;128m[48;2;58;78;128m▀[38;2;58;78;128m[48;2;16;20;34m▀[38;2;58;78;128m[48;2;58;78;128m▀[38;2;16;20;34m[48;2;58;78;128m▀[38;2;16;20;34m[48;2;16;20;34m▀[38;2;16;20;34m[48;2;16;20;34m▀[38;2;110;132;184m[48;2;16;20;34m▀[38;2;16;20;34m[48;2;16;20;34m▀[38;2;16;20;34m[48;2;16;20;34m▀[38;2;16;20;34m[48;2;16;20;34m▀[38;2;16;20;34m[48;2;16;20;34m▀[38;2;16;20;34m[48;2;16;20;34m▀[38;2;16;20;34m[48;2;16;20;34m▀[38;2;16;20;34m[48;2;16;20;34m▀[38;2;16;20;34m[48;2;16;20;34m▀[38;2;16;20;34m[48;2;16;20;34m▀[38;2;16;20;34m[48;2;16;20;34m▀[38;2;16;20;34m[48;2;16;20;34m▀[38;2;16;20;34m[48;2;16;20;34m▀[38;2;16;20;34m[48;2;16;20;34m▀[38;2;16;20;34m[48;2;16;20;34m▀[38;2;16;20;34m[48;2;16;20;34m▀[38;2;16;20;34m[48;2;16;20;34m▀[38;2;16;20;34m[48;2;16;20;34m▀[38;2;16;20;34m[48;2;16;20;34m▀[48;2;16;20;34m[38;2;90;108;156m│[0m
[48;2;16;20;34m[38;2;90;108;156m│[38;2;16;20;34m[48;2;16;20;34m▀[38;2;16;20;34m[48;2;16;20;34m▀[38;2;16;20;34m[48;2;16;20;34m▀[38;2;16;20;34m[48;2;16;20;34m▀[38;2;16;20;34m[48;2;16;20;34m▀[38;2;16;20;34m[48;2;16;20;34m▀[38;2;16;20;34m[48;2;16;20;34m▀[38;2;16;20;34m[48;2;16;20;34m▀[38;2;16;20;34m[48;2;16;20;34m▀[38;2;16;20;34m[48;2;16;20;34m▀[38;2;16;20;34m[48;2;16;20;34m▀[38;2;16;20;34m[48;2;16;20;34m▀[38;2;16;20;34m[48;2;16;20;34m▀[38;2;16;20;34m[48;2;16;20;34m▀[38;2;16;20;34m[48;2;16;20;34m▀[38;2;16;20;34m[48;2;16;20;34m▀[38;2;16;20;34m[48;2;16;20;34m▀[38;2;16;20;34m[48;2;16;20;34m▀[38;2;16;20;34m[48;2;16;20;34m▀[38;2;16;20;34m[48;2;16;20;34m▀[38;2;16;20;34m[48;2;16;20;34m▀[38;2;16;20;34m[48;2;16;20;34m▀[38;2;16;20;34m[48;2;16;20;34m▀[38;2;16;20;34m[48;2;16;20;34m▀[38;2;16;20;34m[48;2;16;20;34m▀[38;2;16;20;34m[48;2;16;20;34m▀[38;2;16;20;34m[48;2;16;20;34m▀[38;2;16;20;34m[48;2;16;20;34m▀[38;2;16;20;34m[48;2;16;20;34m▀[38;2;16;20;34m[48;2;16;20;34m▀[38;2;16;20;34m[48;2;16;20;34m▀[38;2;16;20;34m[48;2;16;20;34m▀[38;2;16;20;34m[48;2;16;20;34m▀[38;2;16;20;34m[48;2;16;20;34m▀[38;2;196;222;255m[48;2;16;20;34m▀[38;2;196;222;255m[48;2;16;20;34m▀[38;2;196;222;255m[48;2;16;20;34m▀[38;2;196;222;255m[48;2;16;20;34m▀[38;2;196;222;255m[48;2;16;20;34m▀[38;2;196;222;255m[48;2;16;20;34m▀[38;2;196;222;255m[48;2;196;222;255m▀[38;2;196;222;255m[48;2;196;222;255m▀[38;2;196;222;255m[48;2;196;222;255m▀[38;2;196;222;255m[48;2;196;222;255m▀[38;2;196;222;255m[48;2;196;222;255m▀[38;2;196;222;255m[48;2;110;132;184m▀[38;2;196;222;255m[48;2;110;132;184m▀[38;2;196;222;255m[48;2;110;132;184m▀[38;2;16;20;34m[48;2;110;132;184m▀[38;2;16;20;34m[48;2;110;132;184m▀[38;2;110;132;184m[48;2;110;132;184m▀[38;2;58;78;128m[48;2;58;78;128m▀[38;2;16;20;34m[48;2;16;20;34m▀[38;2;58;78;128m[48;2;16;20;34m▀[38;2;16;20;34m[48;2;58;78;128m▀[38;2;16;20;34m[48;2;16;20;34m▀[38;2;16;20;34m[48;2;16;20;34m▀[38;2;58;78;128m[48;2;16;20;34m▀[38;2;16;20;34m[48;2;16;20;34m▀[38;2;16;20;34m[48;2;110;132;184m▀[38;2;16;20;34m[48;2;110;132;184m▀[38;2;16;20;34m[48;2;110;132;184m▀[38;2;16;20;34m[48;2;16;20;34m▀[38;2;16;20;34m[48;2;16;20;34m▀[38;2;16;20;34m[48;2;16;20;34m▀[38;2;16;20;34m[48;2;16;20;34m▀[38;2;16;20;34m[48;2;16;20;34m▀[38;2;16;20;34m[48;2;16;20;34m▀[38;2;16;20;34m[48;2;16;20;34m▀[38;2;16;20;34m[48;2;16;20;34m▀[38;2;16;20;34m[48;2;16;20;34m▀[38;2;16;20;34m[48;2;16;20;34m▀[38;2;16;20;34m[48;2;16;20;34m▀[38;2;16;20;34m[48;2;16;20;34m▀[38;2;16;20;34m[48;2;16;20;34m▀[38;2;16;20;34m[48;2;16;20;34m▀[38;2;16;20;34m[48;2;16;20;34m▀[38;2;16;20;34m[48;2;16;20;34m▀[48;2;16;20;34m[38;2;90;108;156m│[0m
[48;2;16;20;34m[38;2;90;108;156m│[38;2;16;20;34m[48;2;16;20;34m▀[38;2;16;20;34m[48;2;16;20;34m▀[38;2;16;20;34m[48;2;16;20;34m▀[38;2;16;20;34m[48;2;16;20;34m▀[38;2;16;20;34m[48;2;16;20;34m▀[38;2;16;20;34m[48;2;16;20;34m▀[38;2;16;20;34m[48;2;16;20;34m▀[38;2;16;20;34m[48;2;16;20;34m▀[38;2;16;20;34m[48;2;16;20;34m▀[38;2;16;20;34m[48;2;16;20;34m▀[38;2;16;20;34m[48;2;16;20;34m▀[38;2;16;20;34m[48;2;16;20;34m▀[38;2;16;20;34m[48;2;16;20;34m▀[38;2;16;20;34m[48;2;16;20;34m▀[38;2;16;20;34m[48;2;16;20;34m▀[38;2;16;20;34m[48;2;16;20;34m▀[38;2;16;20;34m[48;2;16;20;34m▀[38;2;16;20;34m[48;2;16;20;34m▀[38;2;16;20;34m[48;2;16;20;34m▀[38;2;16;20;34m[48;2;16;20;34m▀[38;2;16;20;34m[48;2;16;20;34m▀[38;2;16;20;34m[48;2;16;20;34m▀[38;2;16;20;34m[48;2;16;20;34m▀[38;2;16;20;34m[48;2;16;20;34m▀[38;2;16;20;34m[48;2;16;20;34m▀[38;2;16;20;34m[48;2;16;20;34m▀[38;2;16;20;34m[48;2;16;20;34m▀[38;2;16;20;34m[48;2;16;20;34m▀[38;2;16;20;34m[48;2;16;20;34m▀[38;2;16;20;34m[48;2;16;20;34m▀[38;2;16;20;34m[48;2;16;20;34m▀[38;2;16;20;34m[48;2;16;20;34m▀[38;2;16;20;34m[48;2;16;20;34m▀[38;2;16;20;34m[48;2;16;20;34m▀[38;2;16;20;34m[48;2;16;20;34m▀[38;2;16;20;34m[48;2;16;20;34m▀[38;2;16;20;34m[48;2;110;132;184m▀[38;2;16;20;34m[48;2;110;132;184m▀[38;2;110;132;184m[48;2;110;132;184m▀[38;2;110;132;184m[48;2;110;132;184m▀[38;2;110;132;184m[48;2;110;132;184m▀[38;2;110;132;184m[48;2;110;132;184m▀[38;2;110;132;184m[48;2;110;132;184m▀[38;2;110;132;184m[48;2;110;132;184m▀[38;2;110;132;184m[48;2;110;132;184m▀[38;2;110;132;184m[48;2;110;132;184m▀[38;2;110;132;184m[48;2;110;132;184m▀[38;2;110;132;184m[48;2;110;132;184m▀[38;2;110;132;184m[48;2;110;132;184m▀[38;2;110;132;184m[48;2;110;132;184m▀[38;2;110;132;184m[48;2;16;20;34m▀[38;2;110;132;184m[48;2;110;132;184m▀[38;2;16;20;34m[48;2;16;20;34m▀[38;2;58;78;128m[48;2;58;78;128m▀[38;2;58;78;128m[48;2;58;78;128m▀[38;2;58;78;128m[48;2;58;78;128m▀[38;2;58;78;128m[48;2;58;78;128m▀[38;2;16;20;34m[48;2;58;78;128m▀[38;2;58;78;128m[48;2;58;78;128m▀[38;2;16;20;34m[48;2;16;20;34m▀[38;2;16;20;34m[48;2;16;20;34m▀[38;2;16;20;34m[48;2;16;20;34m▀[38;2;16;20;34m[48;2;16;20;34m▀[38;2;16;20;34m[48;2;16;20;34m▀[38;2;16;20;34m[48;2;16;20;34m▀[38;2;16;20;34m[48;2;16;20;34m▀[38;2;16;20;34m[48;2;16;20;34m▀[38;2;16;20;34m[48;2;16;20;34m▀[38;2;16;20;34m[48;2;16;20;34m▀[38;2;16;20;34m[48;2;16;20;34m▀[38;2;16;20;34m[48;2;16;20;34m▀[38;2;16;20;34m[48;2;16;20;34m▀[38;2;16;20;34m[48;2;16;20;34m▀[38;2;16;20;34m[48;2;16;20;34m▀[38;2;16;20;34m[48;2;16;20;34m▀[38;2;16;20;34m[48;2;16;20;34m▀[38;2;16;20;34m[48;2;16;20;34m▀[38;2;16;20;34m[48;2;16;20;34m▀[48;2;16;20;34m[38;2;90;108;156m│[0m
[48;2;16;20;34m[38;2;90;108;156m│[38;2;16;20;34m[48;2;16;20;34m▀[38;2;16;20;34m[48;2;16;20;34m▀[38;2;16;20;34m[48;2;16;20;34m▀[38;2;16;20;34m[48;2;16;20;34m▀[38;2;16;20;34m[48;2;16;20;34m▀[38;2;16;20;34m[48;2;16;20;34m▀[38;2;16;20;34m[48;2;16;20;34m▀[38;2;16;20;34m[48;2;16;20;34m▀[38;2;16;20;34m[48;2;16;20;34m▀[38;2;16;20;34m[48;2;16;20;34m▀[38;2;16;20;34m[48;2;16;20;34m▀[38;2;16;20;34m[48;2;16;20;34m▀[38;2;16;20;34m[48;2;16;20;34m▀[38;2;16;20;34m[48;2;16;20;34m▀[38;2;16;20;34m[48;2;16;20;34m▀[38;2;16;20;34m[48;2;16;20;34m▀[38;2;16;20;34m[48;2;16;20;34m▀[38;2;16;20;34m[48;2;16;20;34m▀[38;2;16;20;34m[48;2;16;20;34m▀[38;2;16;20;34m[48;2;16;20;34m▀[38;2;16;20;34m[48;2;16;20;34m▀[38;2;16;20;34m[48;2;16;20;34m▀[38;2;16;20;34m[48;2;16;20;34m▀[38;2;16;20;34m[48;2;16;20;34m▀[38;2;16;20;34m[48;2;16;20;34m▀[38;2;16;20;34m[48;2;16;20;34m▀[38;2;16;20;34m[48;2;16;20;34m▀[38;2;16;20;34m[48;2;16;20;34m▀[38;2;16;20;34m[48;2;16;20;34m▀[38;2;16;20;34m[48;2;16;20;34m▀[38;2;16;20;34m[48;2;16;20;34m▀[38;2;16;20;34m[48;2;16;20;34m▀[38;2;16;20;34m[48;2;16;20;34m▀[38;2;16;20;34m[48;2;16;20;34m▀[38;2;16;20;34m[48;2;16;20;34m▀[38;2;16;20;34m[48;2;16;20;34m▀[38;2;16;20;34m[48;2;16;20;34m▀[38;2;16;20;34m[48;2;16;20;34m▀[38;2;16;20;34m[48;2;16;20;34m▀[38;2;16;20;34m[48;2;16;20;34m▀[38;2;16;20;34m[48;2;16;20;34m▀[38;2;16;20;34m[48;2;16;20;34m▀[38;2;16;20;34m[48;2;16;20;34m▀[38;2;16;20;34m[48;2;16;20;34m▀[38;2;16;20;34m[48;2;16;20;34m▀[38;2;16;20;34m[48;2;16;20;34m▀[38;2;16;20;34m[48;2;16;20;34m▀[38;2;16;20;34m[48;2;16;20;34m▀[38;2;16;20;34m[48;2;16;20;34m▀[38;2;16;20;34m[48;2;16;20;34m▀[38;2;16;20;34m[48;2;16;20;34m▀[38;2;16;20;34m[48;2;16;20;34m▀[38;2;16;20;34m[48;2;16;20;34m▀[38;2;16;20;34m[48;2;16;20;34m▀[38;2;16;20;34m[48;2;16;20;34m▀[38;2;16;20;34m[48;2;16;20;34m▀[38;2;16;20;34m[48;2;16;20;34m▀[38;2;16;20;34m[48;2;16;20;34m▀[38;2;16;20;34m[48;2;16;20;34m▀[38;2;16;20;34m[48;2;16;20;34m▀[38;2;16;20;34m[48;2;16;20;34m▀[38;2;16;20;34m[48;2;16;20;34m▀[38;2;16;20;34m[48;2;16;20;34m▀[38;2;16;20;34m[48;2;16;20;34m▀[38;2;16;20;34m[48;2;16;20;34m▀[38;2;16;20;34m[48;2;16;20;34m▀[38;2;16;20;34m[48;2;16;20;34m▀[38;2;16;20;34m[48;2;16;20;34m▀[38;2;16;20;34m[48;2;16;20;34m▀[38;2;16;20;34m[48;2;16;20;34m▀[38;2;16;20;34m[48;2;16;20;34m▀[38;2;16;20;34m[48;2;16;20;34m▀[38;2;16;20;34m[48;2;16;20;34m▀[38;2;16;20;34m[48;2;16;20;34m▀[38;2;16;20;34m[48;2;16;20;34m▀[38;2;16;20;34m[48;2;16;20;34m▀[38;2;16;20;34m[48;2;16;20;34m▀[38;2;16;20;34m[48;2;16;20;34m▀[48;2;16;20;34m[38;2;90;108;156m│[0m
[48;2;16;20;34m[38;2;90;108;156m│[38;2;16;20;34m[48;2;16;20;34m▀[38;2;16;20;34m[48;2;16;20;34m▀[48;2;16;20;34m[38;2;169;253;249m🬞[48;2;16;20;34m[38;2;168;252;248m🬹[48;2;16;20;34m[38;2;168;250;247m🬝[48;2;16;20;34m[38;2;167;249;247m🬬[48;2;16;20;34m[38;2;166;247;246m█[48;2;16;20;34m[38;2;165;245;245m🬓[38;2;16;20;34m[48;2;16;20;34m▀[38;2;16;20;34m[48;2;16;20;34m▀[38;2;16;20;34m[48;2;16;20;34m▀[38;2;16;20;34m[48;2;16;20;34m▀[38;2;16;20;34m[48;2;16;20;34m▀[38;2;16;20;34m[48;2;16;20;34m▀[38;2;16;20;34m[48;2;16;20;34m▀[38;2;16;20;34m[48;2;16;20;34m▀[38;2;16;20;34m[48;2;16;20;34m▀[38;2;16;20;34m[48;2;16;20;34m▀[38;2;16;20;34m[48;2;16;20;34m▀[38;2;16;20;34m[48;2;16;20;34m▀[38;2;16;20;34m[48;2;16;20;34m▀[38;2;16;20;34m[48;2;16;20;34m▀[38;2;16;20;34m[48;2;16;20;34m▀[38;2;16;20;34m[48;2;16;20;34m▀[38;2;16;20;34m[48;2;16;20;34m▀[38;2;16;20;34m[48;2;16;20;34m▀[38;2;16;20;34m[48;2;16;20;34m▀[38;2;16;20;34m[48;2;16;20;34m▀[38;2;16;20;34m[48;2;16;20;34m▀[38;2;16;20;34m[48;2;16;20;34m▀[38;2;16;20;34m[48;2;16;20;34m▀[38;2;16;20;34m[48;2;16;20;34m▀[38;2;16;20;34m[48;2;16;20;34m▀[38;2;16;20;34m[48;2;16;20;34m▀[38;2;16;20;34m[48;2;16;20;34m▀[38;2;16;20;34m[48;2;16;20;34m▀[48;2;16;20;34m[38;2;142;198;220m🬞[48;2;16;20;34m[38;2;142;197;219m🬻[48;2;16;20;34m[38;2;141;195;218m█[48;2;16;20;34m[38;2;140;194;217m█[48;2;16;20;34m[38;2;139;192;216m🬺[48;2;16;20;34m[38;2;138;190;215m🬏[48;2;16;20;34m[38;2;138;189;214m🬇[48;2;16;20;34m[38;2;137;187;214m🬎[48;2;16;20;34m[38;2;136;185;213m█[48;2;16;20;34m[38;2;135;184;212m🬹[38;2;16;20;34m[48;2;16;20;34m▀[38;2;16;20;34m[48;2;16;20;34m▀[38;2;16;20;34m[48;2;16;20;34m▀[38;2;16;20;34m[48;2;16;20;34m▀[38;2;16;20;34m[48;2;16;20;34m▀[38;2;16;20;34m[48;2;16;20;34m▀[38;2;16;20;34m[48;2;16;20;34m▀[38;2;16;20;34m[48;2;16;20;34m▀[38;2;16;20;34m[48;2;16;20;34m▀[48;2;16;20;34m[38;2;127;168;203m🬖[38;2;16;20;34m[48;2;16;20;34m▀[38;2;16;20;34m[48;2;16;20;34m▀[38;2;16;20;34m[48;2;16;20;34m▀[38;2;16;20;34m[48;2;16;20;34m▀[38;2;16;20;34m[48;2;16;20;34m▀[38;2;16;20;34m[48;2;16;20;34m▀[38;2;16;20;34m[48;2;16;20;34m▀[38;2;16;20;34m[48;2;16;20;34m▀[38;2;16;20;34m[48;2;16;20;34m▀[38;2;16;20;34m[48;2;16;20;34m▀[38;2;16;20;34m[48;2;16;20;34m▀[38;2;16;20;34m[48;2;16;20;34m▀[38;2;16;20;34m[48;2;16;20;34m▀[38;2;16;20;34m[48;2;16;20;34m▀[38;2;16;20;34m[48;2;16;20;34m▀[38;2;16;20;34m[48;2;16;20;34m▀[38;2;16;20;34m[48;2;16;20;34m▀[38;2;16;20;34m[48;2;16;20;34m▀[38;2;16;20;34m[48;2;16;20;34m▀[38;2;16;20;34m[48;2;16;20;34m▀[38;2;16;20;34m[48;2;16;20;34m▀[38;2;16;20;34m[48;2;16;20;34m▀[48;2;16;20;34m[38;2;90;108;156m│[0m
[48;2;16;20;34m[38;2;90;108;156m│[38;2;16;20;34m[48;2;16;20;34m▀[48;2;16;20;34m[38;2;170;255;250m🬵[48;2;16;20;34m[38;2;169;253;249m🬬[48;2;16;20;34m[38;2;168;252;248m█[38;2;16;20;34m[48;2;16;20;34m▀[38;2;16;20;34m[48;2;16;20;34m▀[48;2;16;20;34m[38;2;166;247;246m▐[48;2;16;20;34m[38;2;165;245;245m▌[38;2;16;20;34m[48;2;16;20;34m▀[38;2;16;20;34m[48;2;16;20;34m▀[38;2;16;20;34m[48;2;16;20;34m▀[38;2;16;20;34m[48;2;16;20;34m▀[38;2;16;20;34m[48;2;16;20;34m▀[38;2;16;20;34m[48;2;16;20;34m▀[38;2;16;20;34m[48;2;16;20;34m▀[48;2;16;20;34m[38;2;159;232;238m🬞[38;2;16;20;34m[48;2;16;20;34m▀[38;2;16;20;34m[48;2;16;20;34m▀[38;2;16;20;34m[48;2;16;20;34m▀[38;2;16;20;34m[48;2;16;20;34m▀[38;2;16;20;34m[48;2;16;20;34m▀[38;2;16;20;34m[48;2;16;20;34m▀[38;2;16;20;34m[48;2;16;20;34m▀[38;2;16;20;34m[48;2;16;20;34m▀[38;2;16;20;34m[48;2;16;20;34m▀[38;2;16;20;34m[48;2;16;20;34m▀[38;2;16;20;34m[48;2;16;20;34m▀[38;2;16;20;34m[48;2;16;20;34m▀[38;2;16;20;34m[48;2;16;20;34m▀[38;2;16;20;34m[48;2;16;20;34m▀[38;2;16;20;34m[48;2;16;20;34m▀[38;2;16;20;34m[48;2;16;20;34m▀[38;2;16;20;34m[48;2;16;20;34m▀[38;2;16;20;34m[48;2;16;20;34m▀[38;2;16;20;34m[48;2;16;20;34m▀[48;2;16;20;34m[38;2;143;200;220m🬞[48;2;16;20;34m[38;2;142;198;220m🬝[48;2;16;20;34m[38;2;142;197;219m🬀[38;2;16;20;34m[48;2;16;20;34m▀[48;2;16;20;34m[38;2;140;194;217m🬁[48;2;16;20;34m[38;2;139;192;216m🬨[48;2;16;20;34m[38;2;138;190;215m█[48;2;16;20;34m[38;2;138;189;214m▌[38;2;16;20;34m[48;2;16;20;34m▀[48;2;16;20;34m[38;2;136;185;213m▐[48;2;16;20;34m[38;2;135;184;212m█[48;2;16;20;34m[38;2;134;182;211m🬲[38;2;16;20;34m[48;2;16;20;34m▀[38;2;16;20;34m[48;2;16;20;34m▀[38;2;16;20;34m[48;2;16;20;34m▀[38;2;16;20;34m[48;2;16;20;34m▀[38;2;16;20;34m[48;2;16;20;34m▀[38;2;16;20;34m[48;2;16;20;34m▀[38;2;16;20;34m[48;2;16;20;34m▀[48;2;16;20;34m[38;2;128;169;204m🬁[48;2;16;20;34m[38;2;127;168;203m█[48;2;16;20;34m[38;2;127;166;202m🬹[48;2;16;20;34m[38;2;126;164;201m🬭[38;2;16;20;34m[48;2;16;20;34m▀[38;2;16;20;34m[48;2;16;20;34m▀[38;2;16;20;34m[48;2;16;20;34m▀[38;2;16;20;34m[48;2;16;20;34m▀[38;2;16;20;34m[48;2;16;20;34m▀[38;2;16;20;34m[48;2;16;20;34m▀[38;2;16;20;34m[48;2;16;20;34m▀[38;2;16;20;34m[48;2;16;20;34m▀[38;2;16;20;34m[48;2;16;20;34m▀[38;2;16;20;34m[48;2;16;20;34m▀[38;2;16;20;34m[48;2;16;20;34m▀[38;2;16;20;34m[48;2;16;20;34m▀[38;2;16;20;34m[48;2;16;20;34m▀[38;2;16;20;34m[48;2;16;20;34m▀[38;2;16;20;34m[48;2;16;20;34m▀[38;2;16;20;34m[48;2;16;20;34m▀[38;2;16;20;34m[48;2;16;20;34m▀[38;2;16;20;34m[48;2;16;20;34m▀[38;2;16;20;34m[48;2;16;20;34m▀[38;2;16;20;34m[48;2;16;20;34m▀[48;2;16;20;34m[38;2;90;108;156m│[0m
[48;2;16;20;34m[38;2;90;108;156m│[38;2;16;20;34m[48;2;16;20;34m▀[48;2;16;20;34m[38;2;170;255;250m█[48;2;16;20;34m[38;2;169;253;249m🬁[48;2;16;20;34m[38;2;168;252;248m🬬[48;2;16;20;34m[38;2;168;250;247m🬺[48;2;16;20;34m[38;2;167;249;247m🬭[38;2;16;20;34m[48;2;16;20;34m▀[38;2;16;20;34m[48;2;16;20;34m▀[48;2;16;20;34m[38;2;164;244;244m🬞[48;2;16;20;34m[38;2;164;242;243m█[48;2;16;20;34m[38;2;163;240;242m🬓[38;2;16;20;34m[48;2;16;20;34m▀[48;2;16;20;34m[38;2;161;237;240m🬷[48;2;16;20;34m[38;2;161;236;240m🬲[38;2;16;20;34m[48;2;16;20;34m▀[48;2;16;20;34m[38;2;159;232;238m🬨[48;2;16;20;34m[38;2;158;231;237m█[48;2;16;20;34m[38;2;157;229;236m🬱[48;2;16;20;34m[38;2;157;227;235m🬵[48;2;16;20;34m[38;2;156;226;234m🬺[38;2;16;20;34m[48;2;16;20;34m▀[38;2;16;20;34m[48;2;16;20;34m▀[48;2;16;20;34m[38;2;153;221;232m🬞[48;2;16;20;34m[38;2;153;219;231m🬋[48;2;16;20;34m[38;2;152;218;230m█[48;2;16;20;34m[38;2;151;216;229m🬏[38;2;16;20;34m[48;2;16;20;34m▀[48;2;16;20;34m[38;2;149;213;227m🬻[48;2;16;20;34m[38;2;149;211;227m🬱[48;2;16;20;34m[38;2;148;210;226m🬵[48;2;16;20;34m[38;2;147;208;225m🬲[38;2;16;20;34m[48;2;16;20;34m▀[38;2;16;20;34m[48;2;16;20;34m▀[38;2;16;20;34m[48;2;16;20;34m▀[38;2;16;20;34m[48;2;16;20;34m▀[48;2;16;20;34m[38;2;143;200;220m🬉[48;2;16;20;34m[38;2;142;198;220m▌[38;2;16;20;34m[48;2;16;20;34m▀[38;2;16;20;34m[48;2;16;20;34m▀[38;2;16;20;34m[48;2;16;20;34m▀[38;2;16;20;34m[48;2;16;20;34m▀[48;2;16;20;34m[38;2;138;190;215m█[48;2;16;20;34m[38;2;138;189;214m▌[38;2;16;20;34m[48;2;16;20;34m▀[48;2;16;20;34m[38;2;136;185;213m🬭[48;2;16;20;34m[38;2;135;184;212m█[48;2;16;20;34m[38;2;134;182;211m🬂[38;2;16;20;34m[48;2;16;20;34m▀[38;2;16;20;34m[48;2;16;20;34m▀[38;2;16;20;34m[48;2;16;20;34m▀[48;2;16;20;34m[38;2;131;176;207m🬵[48;2;16;20;34m[38;2;131;174;207m🬺[48;2;16;20;34m[38;2;130;172;206m🬏[38;2;16;20;34m[48;2;16;20;34m▀[38;2;16;20;34m[48;2;16;20;34m▀[48;2;16;20;34m[38;2;127;168;203m🬁[48;2;16;20;34m[38;2;127;166;202m🬊[48;2;16;20;34m[38;2;126;164;201m█[48;2;16;20;34m[38;2;125;163;201m█[48;2;16;20;34m[38;2;124;161;200m🬱[38;2;16;20;34m[48;2;16;20;34m▀[38;2;16;20;34m[48;2;16;20;34m▀[38;2;16;20;34m[48;2;16;20;34m▀[48;2;16;20;34m[38;2;121;155;196m🬷[48;2;16;20;34m[38;2;120;153;195m🬹[48;2;16;20;34m[38;2;119;151;194m🬏[38;2;16;20;34m[48;2;16;20;34m▀[38;2;16;20;34m[48;2;16;20;34m▀[48;2;16;20;34m[38;2;117;147;192m🬞[48;2;16;20;34m[38;2;116;145;191m🬋[48;2;16;20;34m[38;2;116;143;190m█[48;2;16;20;34m[38;2;115;142;189m🬏[38;2;16;20;34m[48;2;16;20;34m▀[48;2;16;20;34m[38;2;113;138;187m🬻[48;2;16;20;34m[38;2;112;137;187m🬱[48;2;16;20;34m[38;2;112;135;186m🬵[48;2;16;20;34m[38;2;111;134;185m🬱[38;2;16;20;34m[48;2;16;20;34m▀[48;2;16;20;34m[38;2;90;108;156m│[0m
[48;2;16;20;34m[38;2;90;108;156m│[38;2;16;20;34m[48;2;16;20;34m▀[48;2;16;20;34m[38;2;170;255;250m🬁[48;2;16;20;34m[38;2;169;253;249m🬪[48;2;16;20;34m[38;2;168;252;248m🬱[48;2;16;20;34m[38;2;168;250;247m🬊[48;2;16;20;34m[38;2;167;249;247m🬬[48;2;16;20;34m[38;2;166;247;246m🬺[48;2;16;20;34m[38;2;165;245;245m🬱[38;2;16;20;34m[48;2;16;20;34m▀[48;2;16;20;34m[38;2;164;242;243m🬨[48;2;16;20;34m[38;2;163;240;242m▌[38;2;16;20;34m[48;2;16;20;34m▀[48;2;16;20;34m[38;2;161;237;240m🬨[48;2;16;20;34m[38;2;161;236;240m🬕[38;2;16;20;34m[48;2;16;20;34m▀[38;2;16;20;34m[48;2;16;20;34m▀[48;2;16;20;34m[38;2;158;231;237m█[48;2;16;20;34m[38;2;157;229;236m▌[38;2;16;20;34m[48;2;16;20;34m▀[48;2;16;20;34m[38;2;156;226;234m🬬[48;2;16;20;34m[38;2;155;224;234m🬺[38;2;16;20;34m[48;2;16;20;34m▀[48;2;16;20;34m[38;2;153;221;232m█[38;2;16;20;34m[48;2;16;20;34m▀[48;2;16;20;34m[38;2;152;218;230m🬨[48;2;16;20;34m[38;2;151;216;229m🬺[38;2;16;20;34m[48;2;16;20;34m▀[48;2;16;20;34m[38;2;149;213;227m▐[48;2;16;20;34m[38;2;149;211;227m█[48;2;16;20;34m[38;2;148;210;226m🬁[48;2;16;20;34m[38;2;147;208;225m🬆[38;2;16;20;34m[48;2;16;20;34m▀[38;2;16;20;34m[48;2;16;20;34m▀[38;2;16;20;34m[48;2;16;20;34m▀[38;2;16;20;34m[48;2;16;20;34m▀[38;2;16;20;34m[48;2;16;20;34m▀[48;2;16;20;34m[38;2;142;198;220m🬊[48;2;16;20;34m[38;2;142;197;219m🬃[38;2;16;20;34m[48;2;16;20;34m▀[48;2;16;20;34m[38;2;140;194;217m🬃[48;2;16;20;34m[38;2;139;192;216m🬞[48;2;16;20;34m[38;2;138;190;215m🬝[38;2;16;20;34m[48;2;16;20;34m▀[48;2;16;20;34m[38;2;137;187;214m🬎[48;2;16;20;34m[38;2;136;185;213m🬎[48;2;16;20;34m[38;2;135;184;212m█[48;2;16;20;34m[38;2;134;182;211m🬺[48;2;16;20;34m[38;2;134;181;210m🬏[48;2;16;20;34m[38;2;133;179;209m🬞[48;2;16;20;34m[38;2;132;177;208m🬜[38;2;16;20;34m[48;2;16;20;34m▀[48;2;16;20;34m[38;2;131;174;207m🬨[48;2;16;20;34m[38;2;130;172;206m█[48;2;16;20;34m[38;2;129;171;205m🬀[38;2;16;20;34m[48;2;16;20;34m▀[48;2;16;20;34m[38;2;127;168;203m▐[48;2;16;20;34m[38;2;127;166;202m█[38;2;16;20;34m[48;2;16;20;34m▀[48;2;16;20;34m[38;2;125;163;201m🬉[48;2;16;20;34m[38;2;124;161;200m█[48;2;16;20;34m[38;2;123;160;199m🬓[48;2;16;20;34m[38;2;123;158;198m🬦[48;2;16;20;34m[38;2;122;156;197m🬕[38;2;16;20;34m[48;2;16;20;34m▀[48;2;16;20;34m[38;2;120;153;195m🬊[48;2;16;20;34m[38;2;119;151;194m█[48;2;16;20;34m[38;2;119;150;194m🬀[48;2;16;20;34m[38;2;118;148;193m🬞[48;2;16;20;34m[38;2;117;147;192m█[38;2;16;20;34m[48;2;16;20;34m▀[48;2;16;20;34m[38;2;116;143;190m🬨[48;2;16;20;34m[38;2;115;142;189m▌[38;2;16;20;34m[48;2;16;20;34m▀[48;2;16;20;34m[38;2;113;138;187m▐[48;2;16;20;34m[38;2;112;137;187m█[48;2;16;20;34m[38;2;112;135;186m🬁[48;2;16;20;34m[38;2;111;134;185m🬆[38;2;16;20;34m[48;2;16;20;34m▀[48;2;16;20;34m[38;2;90;108;156m│[0m
[48;2;16;20;34m[38;2;90;108;156m│[38;2;16;20;34m[48;2;16;20;34m▀[48;2;16;20;34m[38;2;170;255;250m🬭[38;2;16;20;34m[48;2;16;20;34m▀[48;2;16;20;34m[38;2;168;252;248m🬂[48;2;16;20;34m[38;2;168;250;247m🬪[48;2;16;20;34m[38;2;167;249;247m🬱[48;2;16;20;34m[38;2;166;247;246m🬨[48;2;16;20;34m[38;2;165;245;245m█[38;2;16;20;34m[48;2;16;20;34m▀[48;2;16;20;34m[38;2;164;242;243m▐[48;2;16;20;34m[38;2;163;240;242m▌[38;2;16;20;34m[48;2;16;20;34m▀[48;2;16;20;34m[38;2;161;237;240m▐[48;2;16;20;34m[38;2;161;236;240m▌[38;2;16;20;34m[48;2;16;20;34m▀[38;2;16;20;34m[48;2;16;20;34m▀[48;2;16;20;34m[38;2;158;231;237m█[48;2;16;20;34m[38;2;157;229;236m▌[38;2;16;20;34m[48;2;16;20;34m▀[48;2;16;20;34m[38;2;156;226;234m▐[48;2;16;20;34m[38;2;155;224;234m█[48;2;16;20;34m[38;2;154;223;233m▐[48;2;16;20;34m[38;2;153;221;232m█[48;2;16;20;34m[38;2;153;219;231m🬃[38;2;16;20;34m[48;2;16;20;34m▀[38;2;16;20;34m[48;2;16;20;34m▀[38;2;16;20;34m[48;2;16;20;34m▀[48;2;16;20;34m[38;2;149;213;227m▐[48;2;16;20;34m[38;2;149;211;227m█[38;2;16;20;34m[48;2;16;20;34m▀[38;2;16;20;34m[48;2;16;20;34m▀[38;2;16;20;34m[48;2;16;20;34m▀[38;2;16;20;34m[48;2;16;20;34m▀[38;2;16;20;34m[48;2;16;20;34m▀[38;2;16;20;34m[48;2;16;20;34m▀[38;2;16;20;34m[48;2;16;20;34m▀[38;2;16;20;34m[48;2;16;20;34m▀[38;2;16;20;34m[48;2;16;20;34m▀[38;2;16;20;34m[48;2;16;20;34m▀[48;2;16;20;34m[38;2;140;194;217m🬵[48;2;16;20;34m[38;2;139;192;216m🬔[38;2;16;20;34m[48;2;16;20;34m▀[38;2;16;20;34m[48;2;16;20;34m▀[38;2;16;20;34m[48;2;16;20;34m▀[38;2;16;20;34m[48;2;16;20;34m▀[48;2;16;20;34m[38;2;135;184;212m🬁[48;2;16;20;34m[38;2;134;182;211m█[48;2;16;20;34m[38;2;134;181;210m▌[48;2;16;20;34m[38;2;133;179;209m▐[48;2;16;20;34m[38;2;132;177;208m▌[38;2;16;20;34m[48;2;16;20;34m▀[48;2;16;20;34m[38;2;131;174;207m▐[48;2;16;20;34m[38;2;130;172;206m█[38;2;16;20;34m[48;2;16;20;34m▀[38;2;16;20;34m[48;2;16;20;34m▀[48;2;16;20;34m[38;2;127;168;203m▐[48;2;16;20;34m[38;2;127;166;202m█[38;2;16;20;34m[48;2;16;20;34m▀[38;2;16;20;34m[48;2;16;20;34m▀[48;2;16;20;34m[38;2;124;161;200m🬬[48;2;16;20;34m[38;2;123;160;199m🬄[48;2;16;20;34m[38;2;123;158;198m█[48;2;16;20;34m[38;2;122;156;197m▌[38;2;16;20;34m[48;2;16;20;34m▀[48;2;16;20;34m[38;2;120;153;195m🬦[48;2;16;20;34m[38;2;119;151;194m█[38;2;16;20;34m[48;2;16;20;34m▀[48;2;16;20;34m[38;2;118;148;193m▐[48;2;16;20;34m[38;2;117;147;192m█[38;2;16;20;34m[48;2;16;20;34m▀[38;2;16;20;34m[48;2;16;20;34m▀[38;2;16;20;34m[48;2;16;20;34m▀[38;2;16;20;34m[48;2;16;20;34m▀[48;2;16;20;34m[38;2;113;138;187m▐[48;2;16;20;34m[38;2;112;137;187m█[38;2;16;20;34m[48;2;16;20;34m▀[38;2;16;20;34m[48;2;16;20;34m▀[38;2;16;20;34m[48;2;16;20;34m▀[48;2;16;20;34m[38;2;90;108;156m│[0m
[48;2;16;20;34m[38;2;90;108;156m│[38;2;16;20;34m[48;2;16;20;34m▀[48;2;16;20;34m[38;2;170;255;250m█[48;2;16;20;34m[38;2;169;253;249m🬏[38;2;16;20;34m[48;2;16;20;34m▀[38;2;16;20;34m[48;2;16;20;34m▀[48;2;16;20;34m[38;2;167;249;247m🬆[48;2;16;20;34m[38;2;166;247;246m🬷[48;2;16;20;34m[38;2;165;245;245m🬝[38;2;16;20;34m[48;2;16;20;34m▀[48;2;16;20;34m[38;2;164;242;243m🬷[48;2;16;20;34m[38;2;163;240;242m🬲[38;2;16;20;34m[48;2;16;20;34m▀[48;2;16;20;34m[38;2;161;237;240m🬷[48;2;16;20;34m[38;2;161;236;240m🬲[38;2;16;20;34m[48;2;16;20;34m▀[48;2;16;20;34m[38;2;159;232;238m🬵[48;2;16;20;34m[38;2;158;231;237m█[48;2;16;20;34m[38;2;157;229;236m🬲[48;2;16;20;34m[38;2;157;227;235m🬏[48;2;16;20;34m[38;2;156;226;234m▐[48;2;16;20;34m[38;2;155;224;234m🬄[38;2;16;20;34m[48;2;16;20;34m▀[48;2;16;20;34m[38;2;153;221;232m█[48;2;16;20;34m[38;2;153;219;231m🬲[38;2;16;20;34m[48;2;16;20;34m▀[38;2;16;20;34m[48;2;16;20;34m▀[38;2;16;20;34m[48;2;16;20;34m▀[48;2;16;20;34m[38;2;149;213;227m▐[48;2;16;20;34m[38;2;149;211;227m█[48;2;16;20;34m[38;2;148;210;226m🬏[38;2;16;20;34m[48;2;16;20;34m▀[38;2;16;20;34m[48;2;16;20;34m▀[38;2;16;20;34m[48;2;16;20;34m▀[38;2;16;20;34m[48;2;16;20;34m▀[38;2;16;20;34m[48;2;16;20;34m▀[38;2;16;20;34m[48;2;16;20;34m▀[38;2;16;20;34m[48;2;16;20;34m▀[38;2;16;20;34m[48;2;16;20;34m▀[48;2;16;20;34m[38;2;141;195;218m🬂[48;2;16;20;34m[38;2;140;194;217m🬬[48;2;16;20;34m[38;2;139;192;216m█[48;2;16;20;34m[38;2;138;190;215m🬹[48;2;16;20;34m[38;2;138;189;214m🬏[38;2;16;20;34m[48;2;16;20;34m▀[38;2;16;20;34m[48;2;16;20;34m▀[38;2;16;20;34m[48;2;16;20;34m▀[48;2;16;20;34m[38;2;134;182;211m🬝[48;2;16;20;34m[38;2;134;181;210m🬀[48;2;16;20;34m[38;2;133;179;209m▐[48;2;16;20;34m[38;2;132;177;208m█[48;2;16;20;34m[38;2;131;176;207m🬏[48;2;16;20;34m[38;2;131;174;207m▐[48;2;16;20;34m[38;2;130;172;206m█[38;2;16;20;34m[48;2;16;20;34m▀[38;2;16;20;34m[48;2;16;20;34m▀[48;2;16;20;34m[38;2;127;168;203m🬷[48;2;16;20;34m[38;2;127;166;202m█[48;2;16;20;34m[38;2;126;164;201m🬭[38;2;16;20;34m[48;2;16;20;34m▀[48;2;16;20;34m[38;2;124;161;200m🬝[38;2;16;20;34m[48;2;16;20;34m▀[48;2;16;20;34m[38;2;123;158;198m🬨[48;2;16;20;34m[38;2;122;156;197m🬺[38;2;16;20;34m[48;2;16;20;34m▀[48;2;16;20;34m[38;2;120;153;195m▐[48;2;16;20;34m[38;2;119;151;194m█[48;2;16;20;34m[38;2;119;150;194m🬏[48;2;16;20;34m[38;2;118;148;193m🬁[48;2;16;20;34m[38;2;117;147;192m█[48;2;16;20;34m[38;2;116;145;191m🬱[38;2;16;20;34m[48;2;16;20;34m▀[38;2;16;20;34m[48;2;16;20;34m▀[38;2;16;20;34m[48;2;16;20;34m▀[48;2;16;20;34m[38;2;113;138;187m▐[48;2;16;20;34m[38;2;112;137;187m█[38;2;16;20;34m[48;2;16;20;34m▀[38;2;16;20;34m[48;2;16;20;34m▀[38;2;16;20;34m[48;2;16;20;34m▀[48;2;16;20;34m[38;2;90;108;156m│[0m
[48;2;16;20;34m[38;2;90;108;156m│[38;2;16;20;34m[48;2;16;20;34m▀[48;2;16;20;34m[38;2;170;255;250m🬎[48;2;16;20;34m[38;2;169;253;249m🬎[48;2;16;20;34m[38;2;168;252;248m🬎[48;2;16;20;34m[38;2;168;250;247m🬺[48;2;16;20;34m[38;2;167;249;247m🬎[48;2;16;20;34m[38;2;166;247;246m🬆[38;2;16;20;34m[48;2;16;20;34m▀[38;2;16;20;34m[48;2;16;20;34m▀[48;2;16;20;34m[38;2;164;242;243m🬂[48;2;16;20;34m[38;2;163;240;242m🬎[48;2;16;20;34m[38;2;162;239;241m🬄[48;2;16;20;34m[38;2;161;237;240m🬁[48;2;16;20;34m[38;2;161;236;240m🬎[48;2;16;20;34m[38;2;160;234;239m🬀[38;2;16;20;34m[48;2;16;20;34m▀[48;2;16;20;34m[38;2;158;231;237m🬨[48;2;16;20;34m[38;2;157;229;236m🬝[48;2;16;20;34m[38;2;157;227;235m🬎[48;2;16;20;34m[38;2;156;226;234m🬀[38;2;16;20;34m[48;2;16;20;34m▀[38;2;16;20;34m[48;2;16;20;34m▀[48;2;16;20;34m[38;2;153;221;232m🬁[48;2;16;20;34m[38;2;153;219;231m🬬[48;2;16;20;34m[38;2;152;218;230m🬎[48;2;16;20;34m[38;2;151;216;229m🬀[38;2;16;20;34m[48;2;16;20;34m▀[48;2;16;20;34m[38;2;149;213;227m🬁[48;2;16;20;34m[38;2;149;211;227m🬊[48;2;16;20;34m[38;2;148;210;226m🬆[38;2;16;20;34m[48;2;16;20;34m▀[38;2;16;20;34m[48;2;16;20;34m▀[38;2;16;20;34m[48;2;16;20;34m▀[38;2;16;20;34m[48;2;16;20;34m▀[38;2;16;20;34m[48;2;16;20;34m▀[38;2;16;20;34m[48;2;16;20;34m▀[38;2;16;20;34m[48;2;16;20;34m▀[38;2;16;20;34m[48;2;16;20;34m▀[38;2;16;20;34m[48;2;16;20;34m▀[38;2;16;20;34m[48;2;16;20;34m▀[48;2;16;20;34m[38;2;139;192;216m🬊[48;2;16;20;34m[38;2;138;190;215m🬎[48;2;16;20;34m[38;2;138;189;214m█[48;2;16;20;34m[38;2;137;187;214m🬛[48;2;16;20;34m[38;2;136;185;213m🬋[48;2;16;20;34m[38;2;135;184;212m🬂[38;2;16;20;34m[48;2;16;20;34m▀[38;2;16;20;34m[48;2;16;20;34m▀[38;2;16;20;34m[48;2;16;20;34m▀[48;2;16;20;34m[38;2;132;177;208m🬊[48;2;16;20;34m[38;2;131;176;207m🬎[48;2;16;20;34m[38;2;131;174;207m🬂[48;2;16;20;34m[38;2;130;172;206m🬬[48;2;16;20;34m[38;2;129;171;205m🬆[38;2;16;20;34m[48;2;16;20;34m▀[38;2;16;20;34m[48;2;16;20;34m▀[48;2;16;20;34m[38;2;127;166;202m🬂[48;2;16;20;34m[38;2;126;164;201m🬎[48;2;16;20;34m[38;2;125;163;201m🬆[38;2;16;20;34m[48;2;16;20;34m▀[38;2;16;20;34m[48;2;16;20;34m▀[38;2;16;20;34m[48;2;16;20;34m▀[48;2;16;20;34m[38;2;122;156;197m🬎[48;2;16;20;34m[38;2;121;155;196m🬄[48;2;16;20;34m[38;2;120;153;195m🬁[48;2;16;20;34m[38;2;119;151;194m█[48;2;16;20;34m[38;2;119;150;194m▌[38;2;16;20;34m[48;2;16;20;34m▀[48;2;16;20;34m[38;2;117;147;192m🬁[48;2;16;20;34m[38;2;116;145;191m🬬[48;2;16;20;34m[38;2;116;143;190m🬎[38;2;16;20;34m[48;2;16;20;34m▀[38;2;16;20;34m[48;2;16;20;34m▀[48;2;16;20;34m[38;2;113;138;187m🬁[48;2;16;20;34m[38;2;112;137;187m🬎[48;2;16;20;34m[38;2;112;135;186m🬄[38;2;16;20;34m[48;2;16;20;34m▀[38;2;16;20;34m[48;2;16;20;34m▀[48;2;16;20;34m[38;2;90;108;156m│[0m
[48;2;16;20;34m[38;2;90;108;156m│[38;2;16;20;34m[48;2;16;20;34m▀[38;2;16;20;34m[48;2;16;20;34m▀[38;2;16;20;34m[48;2;16;20;34m▀[38;2;16;20;34m[48;2;16;20;34m▀[38;2;16;20;34m[48;2;16;20;34m▀[38;2;16;20;34m[48;2;16;20;34m▀[38;2;16;20;34m[48;2;16;20;34m▀[38;2;16;20;34m[48;2;16;20;34m▀[38;2;16;20;34m[48;2;16;20;34m▀[38;2;16;20;34m[48;2;16;20;34m▀[38;2;16;20;34m[48;2;16;20;34m▀[38;2;16;20;34m[48;2;16;20;34m▀[38;2;16;20;34m[48;2;16;20;34m▀[38;2;16;20;34m[48;2;16;20;34m▀[38;2;16;20;34m[48;2;16;20;34m▀[38;2;16;20;34m[48;2;16;20;34m▀[48;2;16;20;34m[38;2;158;231;237m▐[48;2;16;20;34m[38;2;157;229;236m🬄[38;2;16;20;34m[48;2;16;20;34m▀[38;2;16;20;34m[48;2;16;20;34m▀[38;2;16;20;34m[48;2;16;20;34m▀[38;2;16;20;34m[48;2;16;20;34m▀[38;2;16;20;34m[48;2;16;20;34m▀[38;2;16;20;34m[48;2;16;20;34m▀[38;2;16;20;34m[48;2;16;20;34m▀[38;2;16;20;34m[48;2;16;20;34m▀[38;2;16;20;34m[48;2;16;20;34m▀[38;2;16;20;34m[48;2;16;20;34m▀[38;2;16;20;34m[48;2;16;20;34m▀[38;2;16;20;34m[48;2;16;20;34m▀[38;2;16;20;34m[48;2;16;20;34m▀[38;2;16;20;34m[48;2;16;20;34m▀[38;2;16;20;34m[48;2;16;20;34m▀[38;2;16;20;34m[48;2;16;20;34m▀[38;2;16;20;34m[48;2;16;20;34m▀[38;2;16;20;34m[48;2;16;20;34m▀[38;2;16;20;34m[48;2;16;20;34m▀[38;2;16;20;34m[48;2;16;20;34m▀[38;2;16;20;34m[48;2;16;20;34m▀[38;2;16;20;34m[48;2;16;20;34m▀[38;2;16;20;34m[48;2;16;20;34m▀[38;2;16;20;34m[48;2;16;20;34m▀[38;2;16;20;34m[48;2;16;20;34m▀[38;2;16;20;34m[48;2;16;20;34m▀[38;2;16;20;34m[48;2;16;20;34m▀[38;2;16;20;34m[48;2;16;20;34m▀[38;2;16;20;34m[48;2;16;20;34m▀[38;2;16;20;34m[48;2;16;20;34m▀[38;2;16;20;34m[48;2;16;20;34m▀[38;2;16;20;34m[48;2;16;20;34m▀[38;2;16;20;34m[48;2;16;20;34m▀[38;2;16;20;34m[48;2;16;20;34m▀[38;2;16;20;34m[48;2;16;20;34m▀[38;2;16;20;34m[48;2;16;20;34m▀[38;2;16;20;34m[48;2;16;20;34m▀[38;2;16;20;34m[48;2;16;20;34m▀[38;2;16;20;34m[48;2;16;20;34m▀[38;2;16;20;34m[48;2;16;20;34m▀[38;2;16;20;34m[48;2;16;20;34m▀[38;2;16;20;34m[48;2;16;20;34m▀[38;2;16;20;34m[48;2;16;20;34m▀[48;2;16;20;34m[38;2;123;158;198m🬞[48;2;16;20;34m[38;2;122;156;197m🬏[38;2;16;20;34m[48;2;16;20;34m▀[38;2;16;20;34m[48;2;16;20;34m▀[48;2;16;20;34m[38;2;119;151;194m█[48;2;16;20;34m[38;2;119;150;194m🬀[38;2;16;20;34m[48;2;16;20;34m▀[38;2;16;20;34m[48;2;16;20;34m▀[38;2;16;20;34m[48;2;16;20;34m▀[38;2;16;20;34m[48;2;16;20;34m▀[38;2;16;20;34m[48;2;16;20;34m▀[38;2;16;20;34m[48;2;16;20;34m▀[38;2;16;20;34m[48;2;16;20;34m▀[38;2;16;20;34m[48;2;16;20;34m▀[38;2;16;20;34m[48;2;16;20;34m▀[38;2;16;20;34m[48;2;16;20;34m▀[38;2;16;20;34m[48;2;16;20;34m▀[48;2;16;20;34m[38;2;90;108;156m│[0m
[48;2;16;20;34m[38;2;90;108;156m│[38;2;16;20;34m[48;2;16;20;34m▀[38;2;16;20;34m[48;2;16;20;34m▀[38;2;16;20;34m[48;2;16;20;34m▀[38;2;16;20;34m[48;2;16;20;34m▀[38;2;16;20;34m[48;2;16;20;34m▀[38;2;16;20;34m[48;2;16;20;34m▀[38;2;16;20;34m[48;2;16;20;34m▀[38;2;16;20;34m[48;2;16;20;34m▀[38;2;16;20;34m[48;2;16;20;34m▀[38;2;16;20;34m[48;2;16;20;34m▀[38;2;16;20;34m[48;2;16;20;34m▀[38;2;16;20;34m[48;2;16;20;34m▀[38;2;16;20;34m[48;2;16;20;34m▀[38;2;16;20;34m[48;2;16;20;34m▀[38;2;16;20;34m[48;2;16;20;34m▀[38;2;16;20;34m[48;2;16;20;34m▀[48;2;16;20;34m[38;2;158;231;237m🬁[38;2;16;20;34m[48;2;16;20;34m▀[38;2;16;20;34m[48;2;16;20;34m▀[38;2;16;20;34m[48;2;16;20;34m▀[38;2;16;20;34m[48;2;16;20;34m▀[38;2;16;20;34m[48;2;16;20;34m▀[38;2;16;20;34m[48;2;16;20;34m▀[38;2;16;20;34m[48;2;16;20;34m▀[38;2;16;20;34m[48;2;16;20;34m▀[38;2;16;20;34m[48;2;16;20;34m▀[38;2;16;20;34m[48;2;16;20;34m▀[38;2;16;20;34m[48;2;16;20;34m▀[38;2;16;20;34m[48;2;16;20;34m▀[38;2;16;20;34m[48;2;16;20;34m▀[38;2;16;20;34m[48;2;16;20;34m▀[38;2;16;20;34m[48;2;16;20;34m▀[38;2;16;20;34m[48;2;16;20;34m▀[38;2;16;20;34m[48;2;16;20;34m▀[38;2;16;20;34m[48;2;16;20;34m▀[38;2;16;20;34m[48;2;16;20;34m▀[38;2;16;20;34m[48;2;16;20;34m▀[38;2;16;20;34m[48;2;16;20;34m▀[38;2;16;20;34m[48;2;16;20;34m▀[38;2;16;20;34m[48;2;16;20;34m▀[38;2;16;20;34m[48;2;16;20;34m▀[38;2;16;20;34m[48;2;16;20;34m▀[38;2;16;20;34m[48;2;16;20;34m▀[38;2;16;20;34m[48;2;16;20;34m▀[38;2;16;20;34m[48;2;16;20;34m▀[38;2;16;20;34m[48;2;16;20;34m▀[38;2;16;20;34m[48;2;16;20;34m▀[38;2;16;20;34m[48;2;16;20;34m▀[38;2;16;20;34m[48;2;16;20;34m▀[38;2;16;20;34m[48;2;16;20;34m▀[38;2;16;20;34m[48;2;16;20;34m▀[38;2;16;20;34m[48;2;16;20;34m▀[38;2;16;20;34m[48;2;16;20;34m▀[38;2;16;20;34m[48;2;16;20;34m▀[38;2;16;20;34m[48;2;16;20;34m▀[38;2;16;20;34m[48;2;16;20;34m▀[38;2;16;20;34m[48;2;16;20;34m▀[38;2;16;20;34m[48;2;16;20;34m▀[38;2;16;20;34m[48;2;16;20;34m▀[38;2;16;20;34m[48;2;16;20;34m▀[38;2;16;20;34m[48;2;16;20;34m▀[48;2;16;20;34m[38;2;123;158;198m🬁[48;2;16;20;34m[38;2;122;156;197m🬎[48;2;16;20;34m[38;2;121;155;196m🬋[48;2;16;20;34m[38;2;120;153;195m🬅[48;2;16;20;34m[38;2;119;151;194m🬀[38;2;16;20;34m[48;2;16;20;34m▀[38;2;16;20;34m[48;2;16;20;34m▀[38;2;16;20;34m[48;2;16;20;34m▀[38;2;16;20;34m[48;2;16;20;34m▀[38;2;16;20;34m[48;2;16;20;34m▀[38;2;16;20;34m[48;2;16;20;34m▀[38;2;16;20;34m[48;2;16;20;34m▀[38;2;16;20;34m[48;2;16;20;34m▀[38;2;16;20;34m[48;2;16;20;34m▀[38;2;16;20;34m[48;2;16;20;34m▀[38;2;16;20;34m[48;2;16;20;34m▀[38;2;16;20;34m[48;2;16;20;34m▀[48;2;16;20;34m[38;2;90;108;156m│[0m
[48;2;16;20;34m[38;2;90;108;156m│[38;2;16;20;34m[48;2;16;20;34m▀[38;2;16;20;34m[48;2;16;20;34m▀[38;2;16;20;34m[48;2;16;20;34m▀[38;2;16;20;34m[48;2;16;20;34m▀[38;2;16;20;34m[48;2;16;20;34m▀[38;2;16;20;34m[48;2;16;20;34m▀[38;2;16;20;34m[48;2;16;20;34m▀[38;2;16;20;34m[48;2;16;20;34m▀[38;2;16;20;34m[48;2;16;20;34m▀[38;2;16;20;34m[48;2;16;20;34m▀[38;2;16;20;34m[48;2;16;20;34m▀[38;2;16;20;34m[48;2;16;20;34m▀[38;2;16;20;34m[48;2;16;20;34m▀[38;2;16;20;34m[48;2;16;20;34m▀[38;2;16;20;34m[48;2;16;20;34m▀[38;2;16;20;34m[48;2;16;20;34m▀[38;2;16;20;34m[48;2;16;20;34m▀[38;2;16;20;34m[48;2;16;20;34m▀[38;2;16;20;34m[48;2;16;20;34m▀[38;2;16;20;34m[48;2;16;20;34m▀[38;2;16;20;34m[48;2;16;20;34m▀[38;2;16;20;34m[48;2;16;20;34m▀[38;2;16;20;34m[48;2;16;20;34m▀[38;2;16;20;34m[48;2;16;20;34m▀[38;2;16;20;34m[48;2;16;20;34m▀[38;2;16;20;34m[48;2;16;20;34m▀[38;2;16;20;34m[48;2;16;20;34m▀[38;2;16;20;34m[48;2;16;20;34m▀[38;2;16;20;34m[48;2;16;20;34m▀[38;2;16;20;34m[48;2;16;20;34m▀[38;2;16;20;34m[48;2;16;20;34m▀[38;2;16;20;34m[48;2;16;20;34m▀[38;2;16;20;34m[48;2;16;20;34m▀[38;2;16;20;34m[48;2;16;20;34m▀[38;2;16;20;34m[48;2;16;20;34m▀[38;2;16;20;34m[48;2;16;20;34m▀[38;2;16;20;34m[48;2;16;20;34m▀[38;2;16;20;34m[48;2;16;20;34m▀[38;2;16;20;34m[48;2;16;20;34m▀[38;2;16;20;34m[48;2;16;20;34m▀[38;2;16;20;34m[48;2;16;20;34m▀[38;2;16;20;34m[48;2;16;20;34m▀[38;2;16;20;34m[48;2;16;20;34m▀[38;2;16;20;34m[48;2;16;20;34m▀[38;2;16;20;34m[48;2;16;20;34m▀[38;2;16;20;34m[48;2;16;20;34m▀[38;2;16;20;34m[48;2;16;20;34m▀[38;2;16;20;34m[48;2;16;20;34m▀[38;2;16;20;34m[48;2;16;20;34m▀[38;2;16;20;34m[48;2;16;20;34m▀[38;2;16;20;34m[48;2;16;20;34m▀[38;2;16;20;34m[48;2;16;20;34m▀[38;2;16;20;34m[48;2;16;20;34m▀[38;2;16;20;34m[48;2;16;20;34m▀[38;2;16;20;34m[48;2;16;20;34m▀[38;2;16;20;34m[48;2;16;20;34m▀[38;2;16;20;34m[48;2;16;20;34m▀[38;2;16;20;34m[48;2;16;20;34m▀[38;2;16;20;34m[48;2;16;20;34m▀[38;2;16;20;34m[48;2;16;20;34m▀[38;2;16;20;34m[48;2;16;20;34m▀[38;2;16;20;34m[48;2;16;20;34m▀[38;2;16;20;34m[48;2;16;20;34m▀[38;2;16;20;34m[48;2;16;20;34m▀[38;2;16;20;34m[48;2;16;20;34m▀[38;2;16;20;34m[48;2;16;20;34m▀[38;2;16;20;34m[48;2;16;20;34m▀[38;2;16;20;34m[48;2;16;20;34m▀[38;2;16;20;34m[48;2;16;20;34m▀[38;2;16;20;34m[48;2;16;20;34m▀[38;2;16;20;34m[48;2;16;20;34m▀[38;2;16;20;34m[48;2;16;20;34m▀[38;2;16;20;34m[48;2;16;20;34m▀[38;2;16;20;34m[48;2;16;20;34m▀[38;2;16;20;34m[48;2;16;20;34m▀[38;2;16;20;34m[48;2;16;20;34m▀[38;2;16;20;34m[48;2;16;20;34m▀[38;2;16;20;34m[48;2;16;20;34m▀[48;2;16;20;34m[38;2;90;108;156m│[0m
[48;2;16;20;34m[38;2;90;108;156m│[38;2;16;20;34m[48;2;16;20;34m▀[38;2;16;20;34m[48;2;16;20;34m▀[38;2;16;20;34m[48;2;16;20;34m▀[38;2;16;20;34m[48;2;16;20;34m▀[38;2;16;20;34m[48;2;16;20;34m▀[38;2;16;20;34m[48;2;16;20;34m▀[38;2;16;20;34m[48;2;16;20;34m▀[38;2;16;20;34m[48;2;16;20;34m▀[38;2;16;20;34m[48;2;16;20;34m▀[38;2;16;20;34m[48;2;16;20;34m▀[38;2;16;20;34m[48;2;16;20;34m▀[38;2;16;20;34m[48;2;16;20;34m▀[38;2;16;20;34m[48;2;16;20;34m▀[38;2;16;20;34m[48;2;16;20;34m▀[38;2;16;20;34m[48;2;16;20;34m▀[38;2;16;20;34m[48;2;16;20;34m▀[38;2;16;20;34m[48;2;16;20;34m▀[38;2;16;20;34m[48;2;16;20;34m▀[38;2;16;20;34m[48;2;16;20;34m▀[38;2;16;20;34m[48;2;16;20;34m▀[38;2;16;20;34m[48;2;16;20;34m▀[38;2;16;20;34m[48;2;16;20;34m▀[38;2;16;20;34m[48;2;16;20;34m▀[38;2;16;20;34m[48;2;16;20;34m▀[48;2;16;20;34m[38;2;110;132;184m▸[48;2;16;20;34m[38;2;110;132;184m [48;2;16;20;34m[38;2;110;132;184mp[48;2;16;20;34m[38;2;110;132;184mr[48;2;16;20;34m[38;2;110;132;184me[48;2;16;20;34m[38;2;110;132;184ms[48;2;16;20;34m[38;2;110;132;184ms[48;2;16;20;34m[38;2;110;132;184m [48;2;16;20;34m[38;2;110;132;184ma[48;2;16;20;34m[38;2;110;132;184mn[48;2;16;20;34m[38;2;110;132;184my[48;2;16;20;34m[38;2;110;132;184m [48;2;16;20;34m[38;2;110;132;184mk[48;2;16;20;34m[38;2;110;132;184me[48;2;16;20;34m[38;2;110;132;184my[48;2;16;20;34m[38;2;110;132;184m [48;2;16;20;34m[38;2;110;132;184mt[48;2;16;20;34m[38;2;110;132;184mo[48;2;16;20;34m[38;2;110;132;184m [48;2;16;20;34m[38;2;110;132;184mb[48;2;16;20;34m[38;2;110;132;184mu[48;2;16;20;34m[38;2;110;132;184mr[48;2;16;20;34m[38;2;110;132;184mr[48;2;16;20;34m[38;2;110;132;184mo[48;2;16;20;34m[38;2;110;132;184mw[48;2;16;20;34m[38;2;110;132;184m [48;2;16;20;34m[38;2;110;132;184mi[48;2;16;20;34m[38;2;110;132;184mn[48;2;16;20;34m[38;2;110;132;184m [48;2;16;20;34m[38;2;110;132;184m_[38;2;16;20;34m[48;2;16;20;34m▀[38;2;16;20;34m[48;2;16;20;34m▀[38;2;16;20;34m[48;2;16;20;34m▀[38;2;16;20;34m[48;2;16;20;34m▀[38;2;16;20;34m[48;2;16;20;34m▀[38;2;16;20;34m[48;2;16;20;34m▀[38;2;16;20;34m[48;2;16;20;34m▀[38;2;16;20;34m[48;2;16;20;34m▀[38;2;16;20;34m[48;2;16;20;34m▀[38;2;16;20;34m[48;2;16;20;34m▀[38;2;16;20;34m[48;2;16;20;34m▀[38;2;16;20;34m[48;2;16;20;34m▀[38;2;16;20;34m[48;2;16;20;34m▀[38;2;16;20;34m[48;2;16;20;34m▀[38;2;16;20;34m[48;2;16;20;34m▀[38;2;16;20;34m[48;2;16;20;34m▀[38;2;16;20;34m[48;2;16;20;34m▀[38;2;16;20;34m[48;2;16;20;34m▀[38;2;16;20;34m[48;2;16;20;34m▀[38;2;16;20;34m[48;2;16;20;34m▀[38;2;16;20;34m[48;2;16;20;34m▀[38;2;16;20;34m[48;2;16;20;34m▀[38;2;16;20;34m[48;2;16;20;34m▀[38;2;16;20;34m[48;2;16;20;34m▀[48;2;16;20;34m[38;2;90;108;156m│[0m
[48;2;16;20;34m[38;2;90;108;156m╰[48;2;16;20;34m[38;2;90;108;156m─[48;2;16;20;34m[38;2;90;108;156m─[48;2;16;20;34m[38;2;90;108;156m─[48;2;16;20;34m[38;2;90;108;156m─[48;2;16;20;34m[38;2;90;108;156m─[48;2;16;20;34m[38;2;90;108;156m─[48;2;16;20;34m[38;2;90;108;156m─[48;2;16;20;34m[38;2;90;108;156m─[48;2;16;20;34m[38;2;90;108;156m─[48;2;16;20;34m[38;2;90;108;156m─[48;2;16;20;34m[38;2;90;108;156m─[48;2;16;20;34m[38;2;90;108;156m─[48;2;16;20;34m[38;2;90;108;156m─[48;2;16;20;34m[38;2;90;108;156m─[48;2;16;20;34m[38;2;90;108;156m─[48;2;16;20;34m[38;2;90;108;156m─[48;2;16;20;34m[38;2;90;108;156m─[48;2;16;20;34m[38;2;90;108;156m─[48;2;16;20;34m[38;2;90;108;156m─[48;2;16;20;34m[38;2;90;108;156m─[48;2;16;20;34m[38;2;90;108;156m─[48;2;16;20;34m[38;2;90;108;156m─[48;2;16;20;34m[38;2;90;108;156m─[48;2;16;20;34m[38;2;90;108;156m─[48;2;16;20;34m[38;2;90;108;156m─[48;2;16;20;34m[38;2;90;108;156m─[48;2;16;20;34m[38;2;90;108;156m─[48;2;16;20;34m[38;2;90;108;156m─[48;2;16;20;34m[38;2;90;108;156m─[48;2;16;20;34m[38;2;90;108;156m─[48;2;16;20;34m[38;2;90;108;156m─[48;2;16;20;34m[38;2;90;108;156m─[48;2;16;20;34m[38;2;90;108;156m─[48;2;16;20;34m[38;2;90;108;156m─[48;2;16;20;34m[38;2;90;108;156m─[48;2;16;20;34m[38;2;90;108;156m─[48;2;16;20;34m[38;2;90;108;156m─[48;2;16;20;34m[38;2;90;108;156m─[48;2;16;20;34m[38;2;90;108;156m─[48;2;16;20;34m[38;2;90;108;156m─[48;2;16;20;34m[38;2;90;108;156m─[48;2;16;20;34m[38;2;90;108;156m─[48;2;16;20;34m[38;2;90;108;156m─[48;2;16;20;34m[38;2;90;108;156m─[48;2;16;20;34m[38;2;90;108;156m─[48;2;16;20;34m[38;2;90;108;156m─[48;2;16;20;34m[38;2;90;108;156m─[48;2;16;20;34m[38;2;90;108;156m─[48;2;16;20;34m[38;2;90;108;156m─[48;2;16;20;34m[38;2;90;108;156m─[48;2;16;20;34m[38;2;90;108;156m─[48;2;16;20;34m[38;2;90;108;156m─[48;2;16;20;34m[38;2;90;108;156m─[48;2;16;20;34m[38;2;90;108;156m─[48;2;16;20;34m[38;2;90;108;156m─[48;2;16;20;34m[38;2;90;108;156m─[48;2;16;20;34m[38;2;90;108;156m─[48;2;16;20;34m[38;2;90;108;156m─[48;2;16;20;34m[38;2;90;108;156m─[48;2;16;20;34m[38;2;90;108;156m─[48;2;16;20;34m[38;2;90;108;156m─[48;2;16;20;34m[38;2;90;108;156m─[48;2;16;20;34m[38;2;90;108;156m─[48;2;16;20;34m[38;2;90;108;156m─[48;2;16;20;34m[38;2;90;108;156m─[48;2;16;20;34m[38;2;90;108;156m─[48;2;16;20;34m[38;2;90;108;156m─[48;2;16;20;34m[38;2;90;108;156m─[48;2;16;20;34m[38;2;90;108;156m─[48;2;16;20;34m[38;2;90;108;156m─[48;2;16;20;34m[38;2;90;108;156m─[48;2;16;20;34m[38;2;90;108;156m─[48;2;16;20;34m[38;2;90;108;156m─[48;2;16;20;34m[38;2;90;108;156m─[48;2;16;20;34m[38;2;90;108;156m─[48;2;16;20;34m[38;2;90;108;156m─[48;2;16;20;34m[38;2;90;108;156m─[48;2;16;20;34m[38;2;90;108;156m─[48;2;16;20;34m[38;2;90;108;156m╯[0m
