[48;2;16;20;34m[38;2;90;108;156m╭[48;2;16;20;34m[38;2;90;108;156m─[48;2;16;20;34m[38;2;110;132;184m [48;2;16;20;34m[38;2;110;132;184m●[48;2;16;20;34m[38;2;110;132;184m [48;2;16;20;34m[38;2;110;132;184m●[48;2;16;20;34m[38;2;110;132;184m [48;2;16;20;34m[38;2;110;132;184m●[48;2;16;20;34m[38;2;110;132;184m [48;2;16;20;34m[38;2;90;108;156m─[48;2;16;20;34m[38;2;90;108;156m─[48;2;16;20;34m[38;2;90;108;156m─[48;2;16;20;34m[38;2;90;108;156m─[48;2;16;20;34m[38;2;90;108;156m─[48;2;16;20;34m[38;2;90;108;156m─[48;2;16;20;34m[38;2;90;108;156m─[48;2;16;20;34m[38;2;90;108;156m─[48;2;16;20;34m[38;2;90;108;156m─[48;2;16;20;34m[38;2;90;108;156m─[48;2;16;20;34m[38;2;90;108;156m─[48;2;16;20;34m[38;2;90;108;156m─[48;2;16;20;34m[38;2;90;108;156m─[48;2;16;20;34m[38;2;90;108;156m─[48;2;16;20;34m[38;2;90;108;156m─[48;2;16;20;34m[38;2;90;108;156m─[48;2;16;20;34m[38;2;90;108;156m─[48;2;16;20;34m[38;2;90;108;156m─[48;2;16;20;34m[38;2;90;108;156m─[48;2;16;20;34m[38;2;90;108;156m─[48;2;16;20;34m[38;2;90;108;156m─[48;2;16;20;34m[38;2;90;108;156m─[48;2;16;20;34m[38;2;90;108;156m─[48;2;16;20;34m[38;2;90;108;156m─[48;2;16;20;34m[38;2;110;132;184m [48;2;16;20;34m[38;2;110;132;184ms[48;2;16;20;34m[38;2;110;132;184mu[48;2;16;20;34m[38;2;110;132;184mp[48;2;16;20;34m[38;2;110;132;184me[48;2;16;20;34m[38;2;110;132;184mr[48;2;16;20;34m[38;2;110;132;184mb[48;2;16;20;34m[38;2;110;132;184ma[48;2;16;20;34m[38;2;110;132;184md[48;2;16;20;34m[38;2;110;132;184mg[48;2;16;20;34m[38;2;110;132;184me[48;2;16;20;34m[38;2;110;132;184mr[48;2;16;20;34m[38;2;110;132;184m [48;2;16;20;34m[38;2;90;108;156m─[48;2;16;20;34m[38;2;90;108;156m─[48;2;16;20;34m[38;2;90;108;156m─[48;2;16;20;34m[38;2;90;108;156m─[48;2;16;20;34m[38;2;90;108;156m─[48;2;16;20;34m[38;2;90;108;156m─[48;2;16;20;34m[38;2;90;108;156m─[48;2;16;20;34m[38;2;90;108;156m─[48;2;16;20;34m[38;2;90;108;156m─[48;2;16;20;34m[38;2;90;108;156m─[48;2;16;20;34m[38;2;90;108;156m─[48;2;16;20;34m[38;2;90;108;156m─[48;2;16;20;34m[38;2;90;108;156m─[48;2;16;20;34m[38;2;90;108;156m─[48;2;16;20;34m[38;2;90;108;156m─[48;2;16;20;34m[38;2;90;108;156m─[48;2;16;20;34m[38;2;90;108;156m─[48;2;16;20;34m[38;2;90;108;156m─[48;2;16;20;34m[38;2;90;108;156m─[48;2;16;20;34m[38;2;90;108;156m─[48;2;16;20;34m[38;2;90;108;156m─[48;2;16;20;34m[38;2;90;108;156m─[48;2;16;20;34m[38;2;90;108;156m─[48;2;16;20;34m[38;2;90;108;156m─[48;2;16;20;34m[38;2;90;108;156m─[48;2;16;20;34m[38;2;90;108;156m─[48;2;16;20;34m[38;2;90;108;156m─[48;2;16;20;34m[38;2;90;108;156m─[48;2;16;20;34m[38;2;90;108;156m─[48;2;16;20;34m[38;2;90;108;156m─[48;2;16;20;34m[38;2;90;108;156m─[48;2;16;20;34m[38;2;90;108;156m─[48;2;16;20;34m[38;2;90;108;156m─[48;2;16;20;34m[38;2;90;108;156m╮[0m
[48;2;16;20;34m[38;2;90;108;156m│[38;2;16;20;34m[48;2;16;20;34m▀[38;2;16;20;34m[48;2;16;20;34m▀[38;2;16;20;34m[48;2;16;20;34m▀[38;2;16;20;34m[48;2;16;20;34m▀[38;2;16;20;34m[48;2;16;20;34m▀[38;2;16;20;34m[48;2;16;20;34m▀[38;2;16;20;34m[48;2;16;20;34m▀[38;2;16;20;34m[48;2;16;20;34m▀[38;2;16;20;34m[48;2;16;20;34m▀[38;2;16;20;34m[48;2;16;20;34m▀[38;2;16;20;34m[48;2;16;20;34m▀[38;2;16;20;34m[48;2;16;20;34m▀[38;2;16;20;34m[48;2;16;20;34m▀[38;2;16;20;34m[48;2;16;20;34m▀[38;2;16;20;34m[48;2;16;20;34m▀[38;2;16;20;34m[48;2;16;20;34m▀[38;2;16;20;34m[48;2;16;20;34m▀[38;2;16;20;34m[48;2;16;20;34m▀[38;2;16;20;34m[48;2;16;20;34m▀[38;2;16;20;34m[48;2;16;20;34m▀[38;2;16;20;34m[48;2;16;20;34m▀[38;2;16;20;34m[48;2;16;20;34m▀[38;2;16;20;34m[48;2;16;20;34m▀[38;2;16;20;34m[48;2;16;20;34m▀[38;2;16;20;34m[48;2;16;20;34m▀[38;2;16;20;34m[48;2;16;20;34m▀[38;2;16;20;34m[48;2;16;20;34m▀[38;2;16;20;34m[48;2;16;20;34m▀[38;2;16;20;34m[48;2;16;20;34m▀[38;2;16;20;34m[48;2;16;20;34m▀[38;2;16;20;34m[48;2;16;20;34m▀[38;2;16;20;34m[48;2;16;20;34m▀[38;2;16;20;34m[48;2;16;20;34m▀[38;2;16;20;34m[48;2;16;20;34m▀[38;2;16;20;34m[48;2;16;20;34m▀[38;2;16;20;34m[48;2;16;20;34m▀[38;2;16;20;34m[48;2;16;20;34m▀[38;2;16;20;34m[48;2;16;20;34m▀[38;2;16;20;34m[48;2;16;20;34m▀[38;2;16;20;34m[48;2;16;20;34m▀[38;2;16;20;34m[48;2;16;20;34m▀[38;2;16;20;34m[48;2;16;20;34m▀[38;2;16;20;34m[48;2;16;20;34m▀[38;2;16;20;34m[48;2;16;20;34m▀[38;2;16;20;34m[48;2;16;20;34m▀[38;2;16;20;34m[48;2;16;20;34m▀[38;2;16;20;34m[48;2;16;20;34m▀[38;2;16;20;34m[48;2;16;20;34m▀[38;2;16;20;34m[48;2;16;20;34m▀[38;2;16;20;34m[48;2;16;20;34m▀[38;2;16;20;34m[48;2;16;20;34m▀[38;2;16;20;34m[48;2;16;20;34m▀[38;2;16;20;34m[48;2;16;20;34m▀[38;2;16;20;34m[48;2;16;20;34m▀[38;2;16;20;34m[48;2;16;20;34m▀[38;2;16;20;34m[48;2;16;20;34m▀[38;2;16;20;34m[48;2;16;20;34m▀[38;2;16;20;34m[48;2;16;20;34m▀[38;2;16;20;34m[48;2;16;20;34m▀[38;2;16;20;34m[48;2;16;20;34m▀[38;2;16;20;34m[48;2;16;20;34m▀[38;2;16;20;34m[48;2;16;20;34m▀[38;2;16;20;34m[48;2;16;20;34m▀[38;2;16;20;34m[48;2;16;20;34m▀[38;2;16;20;34m[48;2;16;20;34m▀[38;2;16;20;34m[48;2;16;20;34m▀[38;2;16;20;34m[48;2;16;20;34m▀[38;2;16;20;34m[48;2;16;20;34m▀[38;2;16;20;34m[48;2;16;20;34m▀[38;2;16;20;34m[48;2;16;20;34m▀[38;2;16;20;34m[48;2;16;20;34m▀[38;2;16;20;34m[48;2;16;20;34m▀[38;2;16;20;34m[48;2;16;20;34m▀[38;2;16;20;34m[48;2;16;20;34m▀[38;2;16;20;34m[48;2;16;20;34m▀[38;2;16;20;34m[48;2;16;20;34m▀[38;2;16;20;34m[48;2;16;20;34m▀[38;2;16;20;34m[48;2;16;20;34m▀[48;2;16;20;34m[38;2;90;108;156m│[0m
[48;2;16;20;34m[38;2;90;108;156m│[38;2;16;20;34m[48;2;16;20;34m▀[38;2;16;20;34m[48;2;16;20;34m▀[48;2;16;20;34m[38;2;110;132;184m~[48;2;16;20;34m[38;2;110;132;184m [48;2;16;20;34m[38;2;110;132;184m$[38;2;16;20;34m[48;2;16;20;34m▀[48;2;16;20;34m[38;2;196;222;255ms[48;2;16;20;34m[38;2;196;222;255mu[48;2;16;20;34m[38;2;196;222;255mp[48;2;16;20;34m[38;2;196;222;255me[48;2;16;20;34m[38;2;196;222;255mr[48;2;16;20;34m[38;2;196;222;255mb[48;2;16;20;34m[38;2;196;222;255ma[48;2;16;20;34m[38;2;196;222;255md[48;2;16;20;34m[38;2;196;222;255mg[48;2;16;20;34m[38;2;196;222;255me[48;2;16;20;34m[38;2;196;222;255mr[38;2;16;20;34m[48;2;16;20;34m▀[38;2;16;20;34m[48;2;16;20;34m▀[38;2;16;20;34m[48;2;16;20;34m▀[38;2;16;20;34m[48;2;16;20;34m▀[38;2;16;20;34m[48;2;16;20;34m▀[38;2;16;20;34m[48;2;16;20;34m▀[38;2;16;20;34m[48;2;16;20;34m▀[38;2;16;20;34m[48;2;16;20;34m▀[38;2;16;20;34m[48;2;16;20;34m▀[38;2;16;20;34m[48;2;16;20;34m▀[38;2;16;20;34m[48;2;16;20;34m▀[38;2;16;20;34m[48;2;16;20;34m▀[38;2;16;20;34m[48;2;16;20;34m▀[38;2;16;20;34m[48;2;16;20;34m▀[38;2;16;20;34m[48;2;16;20;34m▀[38;2;16;20;34m[48;2;16;20;34m▀[38;2;16;20;34m[48;2;16;20;34m▀[38;2;16;20;34m[48;2;16;20;34m▀[38;2;16;20;34m[48;2;16;20;34m▀[38;2;16;20;34m[48;2;16;20;34m▀[38;2;16;20;34m[48;2;16;20;34m▀[38;2;16;20;34m[48;2;16;20;34m▀[38;2;16;20;34m[48;2;16;20;34m▀[38;2;16;20;34m[48;2;16;20;34m▀[38;2;16;20;34m[48;2;16;20;34m▀[38;2;16;20;34m[48;2;16;20;34m▀[38;2;16;20;34m[48;2;16;20;34m▀[38;2;16;20;34m[48;2;16;20;34m▀[38;2;16;20;34m[48;2;16;20;34m▀[38;2;16;20;34m[48;2;16;20;34m▀[38;2;16;20;34m[48;2;16;20;34m▀[38;2;16;20;34m[48;2;16;20;34m▀[38;2;16;20;34m[48;2;16;20;34m▀[38;2;16;20;34m[48;2;16;20;34m▀[38;2;16;20;34m[48;2;16;20;34m▀[38;2;16;20;34m[48;2;16;20;34m▀[38;2;16;20;34m[48;2;16;20;34m▀[38;2;16;20;34m[48;2;16;20;34m▀[38;2;16;20;34m[48;2;16;20;34m▀[38;2;16;20;34m[48;2;16;20;34m▀[38;2;16;20;34m[48;2;16;20;34m▀[38;2;16;20;34m[48;2;16;20;34m▀[38;2;16;20;34m[48;2;16;20;34m▀[38;2;16;20;34m[48;2;16;20;34m▀[38;2;16;20;34m[48;2;16;20;34m▀[38;2;16;20;34m[48;2;16;20;34m▀[38;2;16;20;34m[48;2;16;20;34m▀[38;2;16;20;34m[48;2;16;20;34m▀[38;2;16;20;34m[48;2;16;20;34m▀[38;2;16;20;34m[48;2;16;20;34m▀[38;2;16;20;34m[48;2;16;20;34m▀[38;2;16;20;34m[48;2;16;20;34m▀[38;2;16;20;34m[48;2;16;20;34m▀[38;2;16;20;34m[48;2;16;20;34m▀[38;2;16;20;34m[48;2;16;20;34m▀[38;2;16;20;34m[48;2;16;20;34m▀[38;2;16;20;34m[48;2;16;20;34m▀[38;2;16;20;34m[48;2;16;20;34m▀[38;2;16;20;34m[48;2;16;20;34m▀[38;2;16;20;34m[48;2;16;20;34m▀[38;2;16;20;34m[48;2;16;20;34m▀[48;2;16;20;34m[38;2;90;108;156m│[0m
[48;2;16;20;34m[38;2;90;108;156m│[48;2;16;20;34m[38;2;16;20;34m [48;2;16;20;34m[38;2;16;20;34m [48;2;16;20;34m[38;2;16;20;34m [48;2;16;20;34m[38;2;16;20;34m [48;2;16;20;34m[38;2;16;20;34m [48;2;16;20;34m[38;2;16;20;34m [48;2;16;20;34m[38;2;16;20;34m [48;2;16;20;34m[38;2;16;20;34m [48;2;16;20;34m[38;2;16;20;34m [48;2;16;20;34m[38;2;16;20;34m [48;2;16;20;34m[38;2;16;20;34m [48;2;16;20;34m[38;2;16;20;34m [48;2;16;20;34m[38;2;16;20;34m [48;2;16;20;34m[38;2;16;20;34m [48;2;16;20;34m[38;2;16;20;34m [48;2;16;20;34m[38;2;16;20;34m [48;2;16;20;34m[38;2;16;20;34m [48;2;16;20;34m[38;2;16;20;34m [48;2;16;20;34m[38;2;16;20;34m [48;2;16;20;34m[38;2;16;20;34m [48;2;16;20;34m[38;2;16;20;34m [48;2;16;20;34m[38;2;16;20;34m [48;2;16;20;34m[38;2;16;20;34m [48;2;16;20;34m[38;2;16;20;34m [48;2;16;20;34m[38;2;16;20;34m [48;2;16;20;34m[38;2;16;20;34m [48;2;16;20;34m[38;2;16;20;34m [48;2;16;20;34m[38;2;16;20;34m [48;2;16;20;34m[38;2;16;20;34m [48;2;16;20;34m[38;2;16;20;34m [48;2;16;20;34m[38;2;16;20;34m [48;2;16;20;34m[38;2;16;20;34m [48;2;16;20;34m[38;2;16;20;34m [48;2;16;20;34m[38;2;16;20;34m [48;2;16;20;34m[38;2;16;20;34m [48;2;16;20;34m[38;2;16;20;34m [48;2;16;20;34m[38;2;16;20;34m [48;2;16;20;34m[38;2;16;20;34m [48;2;16;20;34m[38;2;16;20;34m [48;2;16;20;34m[38;2;16;20;34m [48;2;16;20;34m[38;2;16;20;34m [48;2;16;20;34m[38;2;16;20;34m [48;2;16;20;34m[38;2;16;20;34m [48;2;16;20;34m[38;2;16;20;34m [48;2;16;20;34m[38;2;16;20;34m [48;2;18;23;37m[38;2;16;20;34m🬝[48;2;112;133;180m[38;2;19;23;39m🬆[48;2;175;199;235m[38;2;111;132;180m🬆[48;2;184;209;242m[38;2;21;26;41m🬊[48;2;16;20;34m[38;2;20;24;38m🬏[48;2;16;20;34m[38;2;16;20;34m [48;2;22;27;44m[38;2;112;134;187m🬊[48;2;120;144;201m[38;2;109;131;182m🬙[48;2;16;20;34m[38;2;16;20;34m [48;2;16;20;34m[38;2;16;20;34m [48;2;16;20;34m[38;2;16;20;34m [48;2;16;20;34m[38;2;16;20;34m [48;2;106;128;178m[38;2;20;25;41m🬎[48;2;16;20;34m[38;2;16;20;34m [48;2;16;20;34m[38;2;16;20;34m [48;2;16;20;34m[38;2;16;20;34m [48;2;16;20;34m[38;2;16;20;34m [48;2;16;20;34m[38;2;16;20;34m [48;2;16;20;34m[38;2;16;20;34m [48;2;16;20;34m[38;2;16;20;34m [48;2;16;20;34m[38;2;16;20;34m [48;2;16;20;34m[38;2;16;20;34m [48;2;16;20;34m[38;2;16;20;34m [48;2;16;20;34m[38;2;16;20;34m [48;2;16;20;34m[38;2;16;20;34m [48;2;16;20;34m[38;2;16;20;34m [48;2;16;20;34m[38;2;16;20;34m [48;2;16;20;34m[38;2;16;20;34m [48;2;16;20;34m[38;2;16;20;34m [48;2;16;20;34m[38;2;16;20;34m [48;2;16;20;34m[38;2;16;20;34m [48;2;16;20;34m[38;2;16;20;34m [48;2;16;20;34m[38;2;16;20;34m [48;2;16;20;34m[38;2;90;108;156m│[0m
[48;2;16;20;34m[38;2;90;108;156m│[48;2;16;20;34m[38;2;16;20;34m [48;2;16;20;34m[38;2;16;20;34m [48;2;16;20;34m[38;2;16;20;34m [48;2;16;20;34m[38;2;16;20;34m [48;2;16;20;34m[38;2;16;20;34m [48;2;16;20;34m[38;2;16;20;34m [48;2;16;20;34m[38;2;16;20;34m [48;2;16;20;34m[38;2;16;20;34m [48;2;16;20;34m[38;2;16;20;34m [48;2;16;20;34m[38;2;16;20;34m [48;2;16;20;34m[38;2;16;20;34m [48;2;16;20;34m[38;2;16;20;34m [48;2;16;20;34m[38;2;16;20;34m [48;2;16;20;34m[38;2;16;20;34m [48;2;16;20;34m[38;2;16;20;34m [48;2;16;20;34m[38;2;16;20;34m [48;2;16;20;34m[38;2;16;20;34m [48;2;16;20;34m[38;2;16;20;34m [48;2;16;20;34m[38;2;16;20;34m [48;2;16;20;34m[38;2;16;20;34m [48;2;16;20;34m[38;2;16;20;34m [48;2;16;20;34m[38;2;16;20;34m [48;2;16;20;34m[38;2;16;20;34m [48;2;16;20;34m[38;2;16;20;34m [48;2;16;20;34m[38;2;16;20;34m [48;2;16;20;34m[38;2;16;20;34m [48;2;16;20;34m[38;2;16;20;34m [48;2;16;20;34m[38;2;16;20;34m [48;2;16;20;34m[38;2;16;20;34m [48;2;16;20;34m[38;2;16;20;34m [48;2;16;20;34m[38;2;16;20;34m [48;2;16;20;34m[38;2;16;20;34m [48;2;16;20;34m[38;2;16;20;34m [48;2;32;38;54m[38;2;16;20;34m🬝[48;2;167;189;219m[38;2;22;26;41m🬆[48;2;201;228;255m[38;2;59;68;87m🬎[48;2;188;213;245m[38;2;59;68;86m🬎[48;2;180;204;235m[38;2;44;51;68m🬆[48;2;194;220;253m[38;2;184;208;240m🬐[48;2;197;224;255m[38;2;203;229;255m🬍[48;2;208;235;255m[38;2;204;231;255m🬒[48;2;210;238;255m[38;2;200;227;255m🬂[48;2;207;235;255m[38;2;185;210;241m🬂[48;2;203;230;255m[38;2;186;211;242m🬌[48;2;185;209;241m[38;2;202;229;255m🬎[48;2;195;221;254m[38;2;209;236;255m🬈[48;2;192;218;250m[38;2;25;30;45m🬂[48;2;146;169;206m[38;2;198;224;255m🬝[48;2;95;116;163m[38;2;26;31;46m🬂[48;2;185;210;245m[38;2;165;189;225m🬖[48;2;111;133;186m[38;2;125;147;192m▌[48;2;115;138;193m[38;2;108;130;181m🬔[48;2;111;133;185m[38;2;96;116;161m🬀[48;2;16;20;34m[38;2;16;20;34m [48;2;119;143;199m[38;2;21;26;42m🬎[48;2;16;20;34m[38;2;16;20;34m [48;2;16;20;34m[38;2;16;20;34m🬝[48;2;104;125;175m[38;2;20;25;40m🬎[48;2;16;20;34m[38;2;16;20;34m [48;2;16;20;34m[38;2;16;20;34m [48;2;16;20;34m[38;2;16;20;34m [48;2;16;20;34m[38;2;16;20;34m [48;2;16;20;34m[38;2;16;20;34m [48;2;16;20;34m[38;2;16;20;34m [48;2;16;20;34m[38;2;16;20;34m [48;2;16;20;34m[38;2;16;20;34m [48;2;16;20;34m[38;2;16;20;34m [48;2;16;20;34m[38;2;16;20;34m [48;2;16;20;34m[38;2;16;20;34m [48;2;16;20;34m[38;2;16;20;34m [48;2;16;20;34m[38;2;16;20;34m [48;2;16;20;34m[38;2;16;20;34m [48;2;16;20;34m[38;2;16;20;34m [48;2;16;20;34m[38;2;16;20;34m [48;2;16;20;34m[38;2;16;20;34m [48;2;16;20;34m[38;2;16;20;34m [48;2;16;20;34m[38;2;16;20;34m [48;2;16;20;34m[38;2;16;20;34m [48;2;16;20;34m[38;2;90;108;156m│[0m
[48;2;16;20;34m[38;2;90;108;156m│[48;2;16;20;34m[38;2;16;20;34m [48;2;16;20;34m[38;2;16;20;34m [48;2;16;20;34m[38;2;16;20;34m [48;2;16;20;34m[38;2;16;20;34m [48;2;16;20;34m[38;2;16;20;34m [48;2;16;20;34m[38;2;16;20;34m [48;2;16;20;34m[38;2;16;20;34m [48;2;16;20;34m[38;2;16;20;34m [48;2;16;20;34m[38;2;16;20;34m [48;2;16;20;34m[38;2;16;20;34m [48;2;16;20;34m[38;2;16;20;34m [48;2;16;20;34m[38;2;16;20;34m [48;2;16;20;34m[38;2;16;20;34m [48;2;16;20;34m[38;2;16;20;34m [48;2;16;20;34m[38;2;16;20;34m [48;2;16;20;34m[38;2;16;20;34m [48;2;16;20;34m[38;2;16;20;34m [48;2;16;20;34m[38;2;16;20;34m [48;2;16;20;34m[38;2;16;20;34m [48;2;16;20;34m[38;2;16;20;34m [48;2;16;20;34m[38;2;16;20;34m [48;2;16;20;34m[38;2;16;20;34m [48;2;16;20;34m[38;2;16;20;34m [48;2;16;20;34m[38;2;16;20;34m [48;2;16;20;34m[38;2;16;20;34m [48;2;16;20;34m[38;2;16;20;34m [48;2;16;20;34m[38;2;16;20;34m [48;2;16;20;34m[38;2;16;20;34m [48;2;16;20;34m[38;2;16;20;34m [48;2;32;38;53m[38;2;16;20;34m🬝[48;2;190;216;248m[38;2;41;49;65m🬎[48;2;165;187;217m[38;2;16;20;34m🬂[48;2;183;207;238m[38;2;211;239;255m🬏[48;2;188;213;245m[38;2;199;225;255m🬁[48;2;169;193;225m[38;2;196;222;255m🬎[48;2;185;210;242m[38;2;204;231;255m🬇[48;2;184;209;243m[38;2;202;229;255m🬊[48;2;164;188;224m[38;2;195;221;254m🬎[48;2;87;109;155m[38;2;175;200;236m🬊[48;2;80;99;140m[38;2;202;228;255m🬂[48;2;83;103;145m[38;2;205;231;255m🬂[48;2;86;106;151m[38;2;213;240;255m🬂[48;2;50;70;121m[38;2;175;201;240m🬎[48;2;52;73;126m[38;2;177;203;243m🬎[48;2;54;75;129m[38;2;172;198;236m🬎[48;2;52;73;126m[38;2;165;189;227m🬎[48;2;81;101;146m[38;2;191;217;251m🬂[48;2;64;84;135m[38;2;110;134;180m🬀[48;2;88;110;162m[38;2;60;81;134m🬕[48;2;169;193;229m[38;2;29;35;52m🬂[48;2;221;250;255m[38;2;185;210;246m🬙[48;2;188;215;252m[38;2;119;141;187m🬊[48;2;128;151;199m[38;2;106;127;177m🬎[48;2;107;128;179m[38;2;16;20;34m🬂[48;2;107;128;179m[38;2;119;143;200m🬖[48;2;16;20;34m[38;2;16;20;34m🬏[48;2;21;26;42m[38;2;112;134;187m🬂[48;2;16;20;34m[38;2;16;20;34m🬀[48;2;16;20;34m[38;2;16;20;34m [48;2;16;20;34m[38;2;16;20;34m [48;2;16;20;34m[38;2;16;20;34m🬝[48;2;95;114;159m[38;2;20;25;40m🬎[48;2;16;20;34m[38;2;16;20;34m [48;2;16;20;34m[38;2;16;20;34m [48;2;16;20;34m[38;2;16;20;34m [48;2;16;20;34m[38;2;16;20;34m [48;2;16;20;34m[38;2;16;20;34m [48;2;16;20;34m[38;2;16;20;34m [48;2;16;20;34m[38;2;16;20;34m [48;2;16;20;34m[38;2;16;20;34m [48;2;16;20;34m[38;2;16;20;34m [48;2;16;20;34m[38;2;16;20;34m [48;2;16;20;34m[38;2;16;20;34m [48;2;16;20;34m[38;2;16;20;34m [48;2;16;20;34m[38;2;16;20;34m [48;2;16;20;34m[38;2;16;20;34m [48;2;16;20;34m[38;2;16;20;34m [48;2;16;20;34m[38;2;16;20;34m [48;2;16;20;34m[38;2;90;108;156m│[0m
[48;2;16;20;34m[38;2;90;108;156m│[48;2;16;20;34m[38;2;16;20;34m [48;2;16;20;34m[38;2;16;20;34m [48;2;16;20;34m[38;2;16;20;34m [48;2;16;20;34m[38;2;16;20;34m [48;2;16;20;34m[38;2;16;20;34m [48;2;16;20;34m[38;2;16;20;34m [48;2;16;20;34m[38;2;16;20;34m [48;2;16;20;34m[38;2;16;20;34m [48;2;16;20;34m[38;2;16;20;34m [48;2;16;20;34m[38;2;16;20;34m [48;2;16;20;34m[38;2;16;20;34m [48;2;16;20;34m[38;2;16;20;34m [48;2;16;20;34m[38;2;16;20;34m [48;2;16;20;34m[38;2;16;20;34m [48;2;16;20;34m[38;2;16;20;34m [48;2;16;20;34m[38;2;16;20;34m [48;2;16;20;34m[38;2;16;20;34m [48;2;16;20;34m[38;2;16;20;34m [48;2;16;20;34m[38;2;16;20;34m [48;2;16;20;34m[38;2;16;20;34m [48;2;16;20;34m[38;2;16;20;34m [48;2;16;20;34m[38;2;16;20;34m [48;2;16;20;34m[38;2;16;20;34m [48;2;16;20;34m[38;2;16;20;34m [48;2;31;37;52m[38;2;16;20;34m🬝[48;2;171;194;224m[38;2;22;27;41m🬆[48;2;168;191;222m[38;2;16;20;34m🬂[48;2;201;228;255m[38;2;175;199;232m🬐[48;2;157;182;222m[38;2;195;221;255m🬝[48;2;63;84;134m[38;2;169;194;231m🬎[48;2;89;111;158m[38;2;208;235;255m🬂[48;2;51;71;123m[38;2;166;191;229m🬎[48;2;87;108;154m[38;2;199;225;255m🬂[48;2;48;66;113m[38;2;157;181;220m🬎[48;2;60;80;131m[38;2;91;114;163m🬄[48;2;53;71;118m[38;2;67;86;131m🬂[48;2;70;93;138m[38;2;49;67;114m🬋[48;2;87;126;155m[38;2;64;85;132m🬝[48;2;170;255;250m[38;2;78;109;148m🬎[48;2;56;75;125m[38;2;80;112;154m🬓[48;2;58;79;129m[38;2;50;68;111m🬖[48;2;49;66;109m[38;2;58;78;128m🬓[48;2;50;67;109m[38;2;55;74;122m🬒[48;2;53;71;117m[38;2;59;80;131m🬉[48;2;58;78;127m[38;2;62;83;137m🬊[48;2;64;86;141m[38;2;58;78;127m🬏[48;2;20;26;44m[38;2;64;86;140m🬎[48;2;64;86;142m[38;2;54;72;119m🬁[48;2;64;86;141m[38;2;54;73;120m🬊[48;2;55;74;123m[38;2;71;92;145m🬙[48;2;64;85;136m[38;2;31;37;53m🬂[48;2;96;120;175m[38;2;196;223;255m🬊[48;2;193;220;255m[38;2;168;193;233m🬑[48;2;132;156;209m[38;2;110;132;186m🬉[48;2;25;30;48m[38;2;16;20;34m🬜[48;2;102;122;171m[38;2;112;134;187m🬗[48;2;16;20;34m[38;2;16;20;34m [48;2;16;20;34m[38;2;16;20;34m🬝[48;2;104;125;175m[38;2;112;134;187m🬐[48;2;16;20;34m[38;2;16;20;34m🬏[48;2;21;26;42m[38;2;107;128;179m🬂[48;2;16;20;34m[38;2;16;20;34m🬀[48;2;16;20;34m[38;2;16;20;34m [48;2;16;20;34m[38;2;16;20;34m [48;2;16;20;34m[38;2;16;20;34m [48;2;16;20;34m[38;2;16;20;34m [48;2;16;20;34m[38;2;16;20;34m [48;2;16;20;34m[38;2;16;20;34m [48;2;16;20;34m[38;2;16;20;34m [48;2;16;20;34m[38;2;16;20;34m [48;2;16;20;34m[38;2;16;20;34m [48;2;16;20;34m[38;2;16;20;34m [48;2;16;20;34m[38;2;16;20;34m [48;2;16;20;34m[38;2;16;20;34m [48;2;16;20;34m[38;2;16;20;34m [48;2;16;20;34m[38;2;16;20;34m [48;2;16;20;34m[38;2;16;20;34m [48;2;16;20;34m[38;2;16;20;34m [48;2;16;20;34m[38;2;90;108;156m│[0m
[48;2;16;20;34m[38;2;90;108;156m│[48;2;16;20;34m[38;2;16;20;34m [48;2;16;20;34m[38;2;16;20;34m [48;2;16;20;34m[38;2;16;20;34m [48;2;16;20;34m[38;2;16;20;34m [48;2;16;20;34m[38;2;16;20;34m [48;2;16;20;34m[38;2;16;20;34m [48;2;16;20;34m[38;2;16;20;34m [48;2;16;20;34m[38;2;16;20;34m [48;2;16;20;34m[38;2;16;20;34m [48;2;16;20;34m[38;2;16;20;34m [48;2;16;20;34m[38;2;16;20;34m [48;2;16;20;34m[38;2;16;20;34m [48;2;16;20;34m[38;2;16;20;34m [48;2;16;20;34m[38;2;16;20;34m [48;2;16;20;34m[38;2;16;20;34m [48;2;16;20;34m[38;2;16;20;34m [48;2;16;20;34m[38;2;16;20;34m [48;2;16;20;34m[38;2;16;20;34m [48;2;16;20;34m[38;2;16;20;34m [48;2;21;27;45m[38;2;16;20;34m🬝[48;2;60;80;132m[38;2;18;23;39m🬎[48;2;24;30;47m[38;2;16;20;34m🬎[48;2;176;202;239m[38;2;39;46;63m🬎[48;2;62;79;119m[38;2;16;20;34m🬂[48;2;86;107;154m[38;2;187;211;240m🬂[48;2;51;70;121m[38;2;152;176;213m🬎[48;2;54;74;123m[38;2;87;109;159m🬆[48;2;59;79;131m[38;2;79;101;152m🬂[48;2;63;85;140m[38;2;79;102;154m🬂[48;2;62;84;138m[38;2;69;92;150m🬈[48;2;65;87;142m[38;2;53;71;117m🬀[48;2;56;75;122m[38;2;64;86;142m🬗[48;2;79;109;157m[38;2;59;80;130m🬝[48;2;86;122;162m[38;2;60;81;132m🬕[48;2;170;255;250m[38;2;76;108;144m🬎[48;2;170;255;250m[38;2;81;115;155m🬆[48;2;170;255;250m[38;2;170;255;250m [48;2;170;255;250m[38;2;170;255;250m [48;2;69;97;134m[38;2;170;255;250m🬆[48;2;53;71;115m[38;2;84;119;156m🬀[48;2;53;71;117m[38;2;60;80;132m🬄[48;2;53;72;118m[38;2;60;80;132m🬔[48;2;51;69;113m[38;2;62;83;136m🬛[48;2;61;82;135m[38;2;49;67;109m🬉[48;2;49;66;109m[38;2;54;73;120m🬍[48;2;50;68;111m[38;2;57;76;125m🬒[48;2;51;69;113m[38;2;57;77;127m🬎[48;2;56;75;124m[38;2;62;83;137m🬊[48;2;61;82;135m[38;2;64;86;141m🬎[48;2;65;87;143m[38;2;62;84;137m🬂[48;2;64;87;142m[38;2;55;74;122m🬁[48;2;59;79;130m[38;2;21;26;44m🬂[48;2;56;76;125m[38;2;85;109;162m🬂[48;2;60;79;129m[38;2;21;26;43m🬂[48;2;72;92;144m[38;2;113;137;194m🬆[48;2;105;126;178m[38;2;124;148;207m🬌[48;2;16;20;34m[38;2;16;20;34m🬎[48;2;111;133;185m[38;2;96;116;161m🬇[48;2;90;108;151m[38;2;16;20;34m🬂[48;2;31;38;58m[38;2;111;133;185m🬊[48;2;117;140;195m[38;2;101;121;169m🬀[48;2;113;135;189m[38;2;20;24;40m🬊[48;2;16;20;34m[38;2;16;20;34m [48;2;16;20;34m[38;2;16;20;34m [48;2;16;20;34m[38;2;16;20;34m [48;2;16;20;34m[38;2;16;20;34m [48;2;16;20;34m[38;2;16;20;34m [48;2;16;20;34m[38;2;16;20;34m [48;2;16;20;34m[38;2;16;20;34m [48;2;16;20;34m[38;2;16;20;34m [48;2;16;20;34m[38;2;16;20;34m [48;2;16;20;34m[38;2;16;20;34m [48;2;16;20;34m[38;2;16;20;34m [48;2;16;20;34m[38;2;16;20;34m [48;2;16;20;34m[38;2;16;20;34m [48;2;16;20;34m[38;2;16;20;34m [48;2;16;20;34m[38;2;16;20;34m [48;2;16;20;34m[38;2;16;20;34m [48;2;16;20;34m[38;2;90;108;156m│[0m
[48;2;16;20;34m[38;2;90;108;156m│[48;2;16;20;34m[38;2;16;20;34m [48;2;16;20;34m[38;2;16;20;34m [48;2;16;20;34m[38;2;16;20;34m [48;2;16;20;34m[38;2;16;20;34m [48;2;16;20;34m[38;2;16;20;34m [48;2;16;20;34m[38;2;16;20;34m [48;2;16;20;34m[38;2;16;20;34m [48;2;16;20;34m[38;2;16;20;34m [48;2;16;20;34m[38;2;16;20;34m [48;2;16;20;34m[38;2;16;20;34m [48;2;16;20;34m[38;2;16;20;34m [48;2;16;20;34m[38;2;16;20;34m [48;2;16;20;34m[38;2;16;20;34m [48;2;16;20;34m[38;2;16;20;34m [48;2;16;20;34m[38;2;16;20;34m [48;2;16;20;34m[38;2;16;20;34m [48;2;16;20;34m[38;2;16;20;34m [48;2;16;20;34m[38;2;16;20;34m [48;2;59;79;130m[38;2;16;20;34m🬆[48;2;53;71;117m[38;2;62;84;137m🬒[48;2;56;75;123m[38;2;67;90;148m🬌[48;2;64;86;140m[38;2;57;77;127m🬈[48;2;60;81;133m[38;2;77;99;151m🬂[48;2;64;86;141m[38;2;58;78;127m🬏[48;2;64;87;142m[38;2;52;70;115m🬀[48;2;66;89;145m[38;2;55;73;120m🬆[48;2;66;89;145m[38;2;56;75;123m🬝[48;2;55;74;121m[38;2;64;86;141m🬁[48;2;55;74;121m[38;2;63;84;139m🬉[48;2;62;84;137m[38;2;52;70;114m🬓[48;2;61;82;135m[38;2;50;67;110m🬏[48;2;60;81;135m[38;2;86;120;165m🬉[48;2;79;111;153m[38;2;170;255;250m🬊[48;2;170;255;250m[38;2;170;255;250m [48;2;170;255;250m[38;2;170;255;250m [48;2;170;255;250m[38;2;84;120;154m🬂[48;2;170;255;250m[38;2;170;255;250m [48;2;71;99;138m[38;2;170;255;250m🬆[48;2;52;70;117m[38;2;70;97;142m🬆[48;2;53;71;117m[38;2;67;90;148m🬋[48;2;52;70;114m[38;2;64;86;141m🬏[48;2;52;69;114m[38;2;59;80;131m🬁[48;2;51;69;113m[38;2;59;80;130m🬈[48;2;55;74;121m[38;2;67;90;147m🬀[48;2;61;82;135m[38;2;53;71;117m🬖[48;2;52;69;114m[38;2;61;82;134m🬍[48;2;60;80;131m[38;2;50;68;111m🬅[48;2;59;80;131m[38;2;51;69;114m🬝[48;2;51;69;113m[38;2;56;75;124m🬊[48;2;54;73;120m[38;2;63;85;140m🬆[48;2;55;73;121m[38;2;65;88;144m🬎[48;2;64;86;141m[38;2;60;81;133m🬏[48;2;65;88;144m[38;2;61;82;134m🬊[48;2;63;85;140m[38;2;51;68;112m🬂[48;2;61;82;135m[38;2;53;72;118m🬋[48;2;16;20;34m[38;2;22;27;45m🬀[48;2;19;24;39m[38;2;98;118;165m🬊[48;2;127;153;213m[38;2;41;50;75m🬎[48;2;94;112;158m[38;2;16;20;34m🬂[48;2;115;138;193m[38;2;31;38;58m🬆[48;2;102;122;170m[38;2;119;143;199m🬁[48;2;19;24;39m[38;2;110;132;184m🬆[48;2;16;20;34m[38;2;16;20;34m [48;2;16;20;34m[38;2;16;20;34m [48;2;16;20;34m[38;2;16;20;34m [48;2;16;20;34m[38;2;16;20;34m [48;2;16;20;34m[38;2;16;20;34m [48;2;16;20;34m[38;2;16;20;34m [48;2;16;20;34m[38;2;16;20;34m [48;2;16;20;34m[38;2;16;20;34m [48;2;16;20;34m[38;2;16;20;34m [48;2;16;20;34m[38;2;16;20;34m [48;2;16;20;34m[38;2;16;20;34m [48;2;16;20;34m[38;2;16;20;34m [48;2;16;20;34m[38;2;16;20;34m [48;2;16;20;34m[38;2;16;20;34m [48;2;16;20;34m[38;2;16;20;34m [48;2;16;20;34m[38;2;16;20;34m [48;2;16;20;34m[38;2;90;108;156m│[0m
[48;2;16;20;34m[38;2;90;108;156m│[48;2;16;20;34m[38;2;16;20;34m [48;2;16;20;34m[38;2;16;20;34m [48;2;16;20;34m[38;2;16;20;34m [48;2;16;20;34m[38;2;16;20;34m [48;2;16;20;34m[38;2;16;20;34m [48;2;16;20;34m[38;2;16;20;34m [48;2;16;20;34m[38;2;16;20;34m [48;2;16;20;34m[38;2;16;20;34m [48;2;16;20;34m[38;2;16;20;34m [48;2;16;20;34m[38;2;16;20;34m [48;2;16;20;34m[38;2;16;20;34m [48;2;16;20;34m[38;2;16;20;34m [48;2;16;20;34m[38;2;16;20;34m [48;2;16;20;34m[38;2;16;20;34m [48;2;16;20;34m[38;2;16;20;34m [48;2;16;20;34m[38;2;16;20;34m [48;2;16;20;34m[38;2;16;20;34m [48;2;16;20;34m[38;2;16;20;34m [48;2;16;20;34m[38;2;57;77;127m🬊[48;2;49;65;105m[38;2;65;87;143m🬎[48;2;73;94;144m[38;2;58;78;128m🬎[48;2;52;70;116m[38;2;60;80;131m🬔[48;2;69;90;140m[38;2;51;69;114m🬓[48;2;154;178;219m[38;2;55;76;129m🬂[48;2;167;192;231m[38;2;55;76;131m🬂[48;2;173;198;237m[38;2;54;76;131m🬂[48;2;174;200;240m[38;2;55;77;133m🬂[48;2;184;211;248m[38;2;71;92;138m🬊[48;2;181;207;244m[38;2;69;88;132m🬆[48;2;214;242;255m[38;2;84;105;149m🬎[48;2;193;218;249m[38;2;89;111;159m🬎[48;2;177;202;238m[38;2;71;91;137m🬊[48;2;176;201;236m[38;2;75;96;145m🬆[48;2;171;196;235m[38;2;64;91;138m🬂[48;2;204;232;255m[38;2;96;122;169m🬎[48;2;81;104;152m[38;2;56;77;122m🬉[48;2;74;99;147m[38;2;50;68;116m🬋[48;2;80;103;156m[38;2;57;76;124m🬝[48;2;80;102;155m[38;2;57;76;126m🬎[48;2;69;89;139m[38;2;52;70;116m🬊[48;2;58;77;125m[38;2;81;104;157m🬏[48;2;69;89;139m[38;2;54;72;120m🬍[48;2;69;90;140m[38;2;53;71;118m🬊[48;2;54;73;118m[38;2;84;107;162m🬏[48;2;64;83;130m[38;2;50;67;112m🬌[48;2;62;82;129m[38;2;52;70;116m🬄[48;2;65;86;136m[38;2;53;72;119m🬄[48;2;64;85;139m[38;2;55;74;121m🬓[48;2;21;26;42m[38;2;57;77;126m🬎[48;2;51;69;113m[38;2;69;91;146m🬏[48;2;58;78;128m[38;2;50;68;111m🬌[48;2;52;71;116m[38;2;58;78;128m🬊[48;2;25;32;54m[38;2;60;80;131m🬆[48;2;23;29;49m[38;2;65;88;144m🬂[48;2;16;20;34m[38;2;20;26;44m🬀[48;2;63;85;139m[38;2;18;23;39m🬎[48;2;16;20;34m[38;2;16;20;34m [48;2;100;120;167m[38;2;115;138;192m🬒[48;2;93;111;155m[38;2;122;147;204m🬎[48;2;16;20;34m[38;2;25;30;48m🬀[48;2;16;20;34m[38;2;16;20;34m [48;2;16;20;34m[38;2;16;20;34m [48;2;16;20;34m[38;2;16;20;34m [48;2;16;20;34m[38;2;16;20;34m [48;2;16;20;34m[38;2;16;20;34m [48;2;16;20;34m[38;2;16;20;34m [48;2;16;20;34m[38;2;16;20;34m [48;2;16;20;34m[38;2;16;20;34m [48;2;16;20;34m[38;2;16;20;34m [48;2;16;20;34m[38;2;16;20;34m [48;2;16;20;34m[38;2;16;20;34m [48;2;16;20;34m[38;2;16;20;34m [48;2;16;20;34m[38;2;16;20;34m [48;2;16;20;34m[38;2;16;20;34m [48;2;16;20;34m[38;2;16;20;34m [48;2;16;20;34m[38;2;16;20;34m [48;2;16;20;34m[38;2;16;20;34m [48;2;16;20;34m[38;2;16;20;34m [48;2;16;20;34m[38;2;90;108;156m│[0m
[48;2;16;20;34m[38;2;90;108;156m│[48;2;16;20;34m[38;2;16;20;34m [48;2;16;20;34m[38;2;16;20;34m [48;2;16;20;34m[38;2;16;20;34m [48;2;16;20;34m[38;2;16;20;34m [48;2;16;20;34m[38;2;16;20;34m [48;2;16;20;34m[38;2;16;20;34m [48;2;16;20;34m[38;2;16;20;34m [48;2;16;20;34m[38;2;16;20;34m [48;2;16;20;34m[38;2;16;20;34m [48;2;16;20;34m[38;2;16;20;34m [48;2;16;20;34m[38;2;16;20;34m [48;2;16;20;34m[38;2;16;20;34m [48;2;16;20;34m[38;2;16;20;34m [48;2;16;20;34m[38;2;16;20;34m [48;2;16;20;34m[38;2;16;20;34m [48;2;16;20;34m[38;2;16;20;34m [48;2;16;20;34m[38;2;16;20;34m [48;2;16;20;34m[38;2;16;20;34m [48;2;16;20;34m[38;2;16;20;34m [48;2;16;20;34m[38;2;27;33;50m🬁[48;2;22;26;41m[38;2;148;170;202m🬊[48;2;63;79;120m[38;2;34;42;75m🬉[48;2;137;157;191m[38;2;20;27;58m🬂[48;2;197;224;255m[38;2;69;80;110m🬎[48;2;174;198;233m[38;2;73;84;113m🬎[48;2;71;82;113m[38;2;193;219;253m🬂[48;2;18;25;57m[38;2;162;184;217m🬎[48;2;64;75;108m[38;2;213;241;255m🬂[48;2;18;24;56m[38;2;167;190;224m🬎[48;2;37;46;80m[38;2;164;187;220m🬎[48;2;193;219;252m[38;2;148;169;204m🬏[48;2;184;208;240m[38;2;213;241;255m🬃[48;2;169;191;222m[38;2;190;215;247m🬝[48;2;174;198;229m[38;2;193;218;251m🬌[48;2;179;203;235m[38;2;208;235;255m🬆[48;2;173;196;228m[38;2;201;228;255m🬎[48;2;206;234;255m[38;2;191;217;252m🬒[48;2;193;219;254m[38;2;207;234;255m🬛[48;2;210;238;255m[38;2;172;196;229m🬀[48;2;206;234;255m[38;2;185;211;245m🬆[48;2;200;227;255m[38;2;179;203;236m🬒[48;2;192;218;251m[38;2;171;195;229m🬁[48;2;203;230;255m[38;2;180;205;237m🬙[48;2;182;207;241m[38;2;196;222;254m🬚[48;2;183;208;240m[38;2;204;232;255m🬌[48;2;229;255;255m[38;2;185;209;242m🬝[48;2;190;215;247m[38;2;169;193;227m🬂[48;2;180;204;235m[38;2;23;28;43m🬂[48;2;188;214;247m[38;2;165;190;227m🬉[48;2;61;82;134m[38;2;98;120;169m▌[48;2;54;73;121m[38;2;65;87;142m🬗[48;2;62;83;136m[38;2;53;71;116m🬘[48;2;50;68;111m[38;2;61;82;134m🬓[48;2;23;30;50m[38;2;52;70;115m🬆[48;2;22;28;47m[38;2;58;77;127m🬂[48;2;16;20;34m[38;2;16;20;34m🬀[48;2;16;20;34m[38;2;16;20;34m [48;2;16;20;34m[38;2;16;20;34m [48;2;16;20;34m[38;2;16;20;34m🬝[48;2;116;140;195m[38;2;29;35;54m🬎[48;2;107;128;179m[38;2;29;35;54m🬎[48;2;16;20;34m[38;2;16;20;34m [48;2;16;20;34m[38;2;16;20;34m [48;2;16;20;34m[38;2;16;20;34m [48;2;16;20;34m[38;2;16;20;34m [48;2;16;20;34m[38;2;16;20;34m [48;2;16;20;34m[38;2;16;20;34m [48;2;16;20;34m[38;2;16;20;34m [48;2;16;20;34m[38;2;16;20;34m [48;2;16;20;34m[38;2;16;20;34m [48;2;16;20;34m[38;2;16;20;34m [48;2;16;20;34m[38;2;16;20;34m [48;2;16;20;34m[38;2;16;20;34m [48;2;16;20;34m[38;2;16;20;34m [48;2;16;20;34m[38;2;16;20;34m [48;2;16;20;34m[38;2;16;20;34m [48;2;16;20;34m[38;2;16;20;34m [48;2;16;20;34m[38;2;16;20;34m [48;2;16;20;34m[38;2;90;108;156m│[0m
[48;2;16;20;34m[38;2;90;108;156m│[48;2;16;20;34m[38;2;16;20;34m [48;2;16;20;34m[38;2;16;20;34m [48;2;16;20;34m[38;2;16;20;34m [48;2;16;20;34m[38;2;16;20;34m [48;2;16;20;34m[38;2;16;20;34m [48;2;16;20;34m[38;2;16;20;34m [48;2;16;20;34m[38;2;16;20;34m [48;2;16;20;34m[38;2;16;20;34m [48;2;16;20;34m[38;2;16;20;34m [48;2;16;20;34m[38;2;16;20;34m [48;2;16;20;34m[38;2;16;20;34m [48;2;16;20;34m[38;2;16;20;34m [48;2;16;20;34m[38;2;16;20;34m [48;2;16;20;34m[38;2;16;20;34m [48;2;16;20;34m[38;2;16;20;34m [48;2;16;20;34m[38;2;16;20;34m [48;2;16;20;34m[38;2;16;20;34m [48;2;16;20;34m[38;2;16;20;34m [48;2;16;20;34m[38;2;16;20;34m [48;2;16;20;34m[38;2;16;20;34m [48;2;16;20;34m[38;2;16;20;34m [48;2;16;20;34m[38;2;22;27;45m🬁[48;2;16;20;34m[38;2;64;83;130m🬊[48;2;62;83;136m[38;2;55;73;117m🬝[48;2;52;71;116m[38;2;71;93;145m🬊[48;2;61;83;136m[38;2;52;70;116m🬒[48;2;59;79;129m[38;2;47;63;104m🬂[48;2;58;78;129m[38;2;51;69;113m🬋[48;2;52;70;115m[38;2;63;84;139m🬎[48;2;65;87;143m[38;2;51;68;113m🬂[48;2;62;84;137m[38;2;43;55;92m🬎[48;2;60;81;132m[38;2;42;52;89m🬎[48;2;66;89;145m[38;2;41;52;89m🬎[48;2;66;90;146m[38;2;39;49;83m🬎[48;2;61;83;135m[38;2;40;51;86m🬎[48;2;63;80;122m[38;2;36;46;80m🬄[48;2;84;104;147m[38;2;175;200;236m🬊[48;2;206;233;255m[38;2;164;187;221m🬓[48;2;206;233;255m[38;2;179;203;233m🬏[48;2;201;228;255m[38;2;217;246;255m🬅[48;2;202;229;255m[38;2;211;239;255m🬇[48;2;207;235;255m[38;2;185;210;241m🬈[48;2;189;214;246m[38;2;203;230;255m🬗[48;2;202;229;255m[38;2;189;214;246m🬈[48;2;197;223;255m[38;2;183;208;238m🬄[48;2;219;248;255m[38;2;185;210;241m🬝[48;2;187;212;244m[38;2;210;238;255m🬁[48;2;188;213;245m[38;2;209;237;255m🬇[48;2;208;236;255m[38;2;188;213;244m🬝[48;2;181;205;237m[38;2;148;171;209m🬁[48;2;25;32;52m[38;2;80;100;145m🬆[48;2;26;34;57m[38;2;59;80;131m🬂[48;2;18;23;38m[38;2;54;72;118m🬎[48;2;53;71;117m[38;2;63;85;139m🬛[48;2;61;82;134m[38;2;50;67;110m🬍[48;2;16;20;34m[38;2;19;24;41m🬏[48;2;16;20;34m[38;2;47;62;102m🬊[48;2;61;80;125m[38;2;23;29;49m🬆[48;2;114;137;192m[38;2;98;120;172m🬏[48;2;116;140;195m[38;2;20;25;40m🬊[48;2;16;20;34m[38;2;16;20;34m [48;2;16;20;34m[38;2;16;20;34m [48;2;16;20;34m[38;2;16;20;34m [48;2;16;20;34m[38;2;16;20;34m [48;2;16;20;34m[38;2;16;20;34m [48;2;16;20;34m[38;2;16;20;34m [48;2;16;20;34m[38;2;16;20;34m [48;2;16;20;34m[38;2;16;20;34m [48;2;16;20;34m[38;2;16;20;34m [48;2;16;20;34m[38;2;16;20;34m [48;2;16;20;34m[38;2;16;20;34m [48;2;16;20;34m[38;2;16;20;34m [48;2;16;20;34m[38;2;16;20;34m [48;2;16;20;34m[38;2;16;20;34m [48;2;16;20;34m[38;2;16;20;34m [48;2;16;20;34m[38;2;16;20;34m [48;2;16;20;34m[38;2;16;20;34m [48;2;16;20;34m[38;2;16;20;34m [48;2;16;20;34m[38;2;90;108;156m│[0m
[48;2;16;20;34m[38;2;90;108;156m│[48;2;16;20;34m[38;2;16;20;34m [48;2;16;20;34m[38;2;16;20;34m [48;2;16;20;34m[38;2;16;20;34m [48;2;16;20;34m[38;2;16;20;34m [48;2;16;20;34m[38;2;16;20;34m [48;2;16;20;34m[38;2;16;20;34m [48;2;16;20;34m[38;2;16;20;34m [48;2;16;20;34m[38;2;16;20;34m [48;2;16;20;34m[38;2;16;20;34m [48;2;16;20;34m[38;2;16;20;34m [48;2;16;20;34m[38;2;16;20;34m [48;2;16;20;34m[38;2;16;20;34m [48;2;16;20;34m[38;2;16;20;34m [48;2;16;20;34m[38;2;16;20;34m [48;2;16;20;34m[38;2;16;20;34m [48;2;16;20;34m[38;2;16;20;34m [48;2;16;20;34m[38;2;16;20;34m [48;2;16;20;34m[38;2;16;20;34m [48;2;16;20;34m[38;2;16;20;34m [48;2;16;20;34m[38;2;16;20;34m [48;2;16;20;34m[38;2;16;20;34m [48;2;16;20;34m[38;2;16;20;34m [48;2;16;20;34m[38;2;16;20;34m [48;2;16;20;34m[38;2;16;20;34m [48;2;16;20;34m[38;2;16;20;34m [48;2;16;20;34m[38;2;19;25;42m🬁[48;2;22;28;46m[38;2;58;78;127m🬂[48;2;26;34;57m[38;2;62;83;137m🬂[48;2;16;20;34m[38;2;48;65;107m🬎[48;2;16;20;34m[38;2;51;67;107m🬎[48;2;192;217;246m[38;2;83;104;151m🬎[48;2;160;186;225m[38;2;53;73;125m🬂[48;2;58;79;131m[38;2;89;112;162m🬓[48;2;83;104;151m[38;2;59;80;133m🬕[48;2;192;218;252m[38;2;90;112;161m🬎[48;2;189;215;251m[38;2;90;112;162m🬆[48;2;206;233;255m[38;2;166;190;224m🬆[48;2;206;233;255m[38;2;187;211;243m🬝[48;2;186;210;242m[38;2;198;224;255m🬁[48;2;181;205;235m[38;2;195;221;253m🬘[48;2;202;229;255m[38;2;180;204;234m🬃[48;2;204;231;255m[38;2;184;208;239m🬏[48;2;207;234;255m[38;2;199;225;255m🬃[48;2;205;232;255m[38;2;183;208;238m🬁[48;2;209;236;255m[38;2;192;217;249m🬉[48;2;192;217;249m[38;2;204;231;255m🬚[48;2;192;217;250m[38;2;206;233;255m🬑[48;2;189;214;246m[38;2;220;249;255m🬇[48;2;204;231;255m[38;2;188;213;245m🬌[48;2;182;207;241m[38;2;211;239;255m🬀[48;2;178;203;240m[38;2;71;89;129m🬊[48;2;26;34;54m[38;2;55;72;114m🬆[48;2;22;29;48m[38;2;53;72;118m🬊[48;2;53;71;117m[38;2;59;79;130m🬇[48;2;16;20;34m[38;2;55;74;122m🬎[48;2;63;85;140m[38;2;55;74;121m🬝[48;2;57;77;126m[38;2;18;22;38m🬊[48;2;16;20;34m[38;2;16;20;34m🬏[48;2;16;20;34m[38;2;24;29;46m🬁[48;2;20;25;40m[38;2;105;126;176m🬂[48;2;16;20;34m[38;2;16;20;34m [48;2;16;20;34m[38;2;16;20;34m [48;2;16;20;34m[38;2;16;20;34m [48;2;16;20;34m[38;2;16;20;34m [48;2;16;20;34m[38;2;16;20;34m [48;2;16;20;34m[38;2;16;20;34m [48;2;16;20;34m[38;2;16;20;34m [48;2;16;20;34m[38;2;16;20;34m [48;2;16;20;34m[38;2;16;20;34m [48;2;16;20;34m[38;2;16;20;34m [48;2;16;20;34m[38;2;16;20;34m [48;2;16;20;34m[38;2;16;20;34m [48;2;16;20;34m[38;2;16;20;34m [48;2;16;20;34m[38;2;16;20;34m [48;2;16;20;34m[38;2;16;20;34m [48;2;16;20;34m[38;2;16;20;34m [48;2;16;20;34m[38;2;16;20;34m [48;2;16;20;34m[38;2;16;20;34m [48;2;16;20;34m[38;2;90;108;156m│[0m
[48;2;16;20;34m[38;2;90;108;156m│[48;2;16;20;34m[38;2;16;20;34m [48;2;16;20;34m[38;2;16;20;34m [48;2;16;20;34m[38;2;16;20;34m [48;2;16;20;34m[38;2;16;20;34m [48;2;16;20;34m[38;2;16;20;34m [48;2;16;20;34m[38;2;16;20;34m [48;2;16;20;34m[38;2;16;20;34m [48;2;16;20;34m[38;2;16;20;34m [48;2;16;20;34m[38;2;16;20;34m [48;2;16;20;34m[38;2;16;20;34m [48;2;16;20;34m[38;2;16;20;34m [48;2;16;20;34m[38;2;16;20;34m [48;2;16;20;34m[38;2;16;20;34m [48;2;16;20;34m[38;2;16;20;34m [48;2;16;20;34m[38;2;16;20;34m [48;2;16;20;34m[38;2;16;20;34m [48;2;16;20;34m[38;2;16;20;34m [48;2;16;20;34m[38;2;16;20;34m [48;2;16;20;34m[38;2;16;20;34m [48;2;16;20;34m[38;2;16;20;34m [48;2;16;20;34m[38;2;16;20;34m [48;2;16;20;34m[38;2;16;20;34m [48;2;16;20;34m[38;2;16;20;34m [48;2;16;20;34m[38;2;16;20;34m [48;2;16;20;34m[38;2;16;20;34m [48;2;16;20;34m[38;2;16;20;34m [48;2;16;20;34m[38;2;16;20;34m [48;2;16;20;34m[38;2;16;20;34m [48;2;16;20;34m[38;2;16;20;34m [48;2;16;20;34m[38;2;16;20;34m [48;2;16;20;34m[38;2;16;20;34m [48;2;16;20;34m[38;2;16;20;34m [48;2;16;20;34m[38;2;16;20;34m [48;2;16;20;34m[38;2;30;36;52m🬁[48;2;22;27;41m[38;2;173;197;228m🬊[48;2;60;70;89m[38;2;205;232;255m🬂[48;2;62;72;91m[38;2;204;231;255m🬂[48;2;16;20;34m[38;2;153;174;202m🬎[48;2;60;70;88m[38;2;200;227;255m🬂[48;2;22;27;42m[38;2;172;195;225m🬎[48;2;175;199;232m[38;2;191;217;250m🬝[48;2;180;204;237m[38;2;203;230;255m🬌[48;2;182;207;239m[38;2;204;231;255m🬅[48;2;174;198;231m[38;2;201;228;255m🬝[48;2;176;202;244m[38;2;198;225;255m🬝[48;2;144;169;219m[38;2;207;234;255m🬂[48;2;108;131;185m[38;2;177;202;239m🬎[48;2;130;154;203m[38;2;206;233;255m🬂[48;2;115;137;188m[38;2;37;45;66m🬊[48;2;105;126;176m[38;2;35;43;64m🬆[48;2;97;118;167m[38;2;116;138;190m▌[48;2;59;77;124m[38;2;86;110;168m🬏[48;2;16;20;34m[38;2;16;20;34m [48;2;22;29;48m[38;2;55;73;121m🬂[48;2;57;77;126m[38;2;22;28;46m🬎[48;2;16;20;34m[38;2;19;25;42m🬏[48;2;16;20;34m[38;2;16;20;34m🬁[48;2;18;23;38m[38;2;53;71;117m🬂[48;2;16;20;34m[38;2;16;20;34m🬝[48;2;107;129;180m[38;2;29;35;54m🬎[48;2;88;106;149m[38;2;16;20;34m🬂[48;2;103;124;173m[38;2;29;35;54m🬎[48;2;16;20;34m[38;2;16;20;34m [48;2;16;20;34m[38;2;16;20;34m [48;2;16;20;34m[38;2;16;20;34m [48;2;16;20;34m[38;2;16;20;34m [48;2;16;20;34m[38;2;16;20;34m [48;2;16;20;34m[38;2;16;20;34m [48;2;16;20;34m[38;2;16;20;34m [48;2;16;20;34m[38;2;16;20;34m [48;2;16;20;34m[38;2;16;20;34m [48;2;16;20;34m[38;2;16;20;34m [48;2;16;20;34m[38;2;16;20;34m [48;2;16;20;34m[38;2;16;20;34m [48;2;16;20;34m[38;2;16;20;34m [48;2;16;20;34m[38;2;16;20;34m [48;2;16;20;34m[38;2;16;20;34m [48;2;16;20;34m[38;2;16;20;34m [48;2;16;20;34m[38;2;90;108;156m│[0m
[48;2;16;20;34m[38;2;90;108;156m│[48;2;16;20;34m[38;2;16;20;34m [48;2;16;20;34m[38;2;16;20;34m [48;2;16;20;34m[38;2;16;20;34m [48;2;16;20;34m[38;2;16;20;34m [48;2;16;20;34m[38;2;16;20;34m [48;2;16;20;34m[38;2;16;20;34m [48;2;16;20;34m[38;2;16;20;34m [48;2;16;20;34m[38;2;16;20;34m [48;2;16;20;34m[38;2;16;20;34m [48;2;16;20;34m[38;2;16;20;34m [48;2;16;20;34m[38;2;16;20;34m [48;2;16;20;34m[38;2;16;20;34m [48;2;16;20;34m[38;2;16;20;34m [48;2;16;20;34m[38;2;16;20;34m [48;2;16;20;34m[38;2;16;20;34m [48;2;16;20;34m[38;2;16;20;34m [48;2;16;20;34m[38;2;16;20;34m [48;2;16;20;34m[38;2;16;20;34m [48;2;16;20;34m[38;2;16;20;34m [48;2;16;20;34m[38;2;16;20;34m [48;2;16;20;34m[38;2;16;20;34m [48;2;16;20;34m[38;2;16;20;34m [48;2;16;20;34m[38;2;16;20;34m [48;2;16;20;34m[38;2;16;20;34m [48;2;16;20;34m[38;2;16;20;34m [48;2;16;20;34m[38;2;16;20;34m [48;2;16;20;34m[38;2;16;20;34m [48;2;16;20;34m[38;2;16;20;34m [48;2;16;20;34m[38;2;16;20;34m [48;2;16;20;34m[38;2;16;20;34m [48;2;16;20;34m[38;2;16;20;34m [48;2;16;20;34m[38;2;16;20;34m [48;2;16;20;34m[38;2;16;20;34m [48;2;16;20;34m[38;2;16;20;34m [48;2;16;20;34m[38;2;16;20;34m [48;2;16;20;34m[38;2;16;20;34m [48;2;88;106;149m[38;2;19;23;38m🬆[48;2;122;147;205m[38;2;34;42;63m🬆[48;2;125;150;209m[38;2;111;134;186m🬌[48;2;121;146;203m[38;2;110;132;184m🬒[48;2;118;141;196m[38;2;98;116;157m🬁[48;2;120;143;199m[38;2;97;116;159m🬉[48;2;99;119;164m[38;2;117;140;194m🬔[48;2;107;128;177m[38;2;125;149;208m🬏[48;2;106;127;177m[38;2;143;170;229m🬀[48;2;124;149;207m[38;2;102;122;171m🬖[48;2;99;119;166m[38;2;119;143;199m🬝[48;2;119;143;200m[38;2;113;136;189m🬈[48;2;115;138;192m[38;2;122;147;205m🬐[48;2;115;138;192m[38;2;95;114;159m🬀[48;2;16;20;34m[38;2;101;121;169m🬎[48;2;108;130;181m[38;2;91;110;155m🬑[48;2;16;20;34m[38;2;16;20;34m [48;2;63;85;139m[38;2;53;71;117m🬙[48;2;54;73;119m[38;2;66;89;146m🬁[48;2;61;82;135m[38;2;52;70;115m🬕[48;2;65;88;144m[38;2;52;70;115m🬝[48;2;51;68;112m[38;2;16;20;34m🬂[48;2;49;66;109m[38;2;54;72;118m🬙[48;2;16;20;34m[38;2;16;20;34m🬀[48;2;16;20;34m[38;2;16;20;34m [48;2;16;20;34m[38;2;16;20;34m [48;2;16;20;34m[38;2;16;20;34m [48;2;16;20;34m[38;2;16;20;34m [48;2;16;20;34m[38;2;16;20;34m [48;2;16;20;34m[38;2;16;20;34m [48;2;16;20;34m[38;2;16;20;34m [48;2;16;20;34m[38;2;16;20;34m [48;2;16;20;34m[38;2;16;20;34m [48;2;16;20;34m[38;2;16;20;34m [48;2;16;20;34m[38;2;16;20;34m [48;2;16;20;34m[38;2;16;20;34m [48;2;16;20;34m[38;2;16;20;34m [48;2;16;20;34m[38;2;16;20;34m [48;2;16;20;34m[38;2;16;20;34m [48;2;16;20;34m[38;2;16;20;34m [48;2;16;20;34m[38;2;16;20;34m [48;2;16;20;34m[38;2;16;20;34m [48;2;16;20;34m[38;2;90;108;156m│[0m
[48;2;16;20;34m[38;2;90;108;156m│[38;2;16;20;34m[48;2;16;20;34m▀[38;2;16;20;34m[48;2;16;20;34m▀[38;2;16;20;34m[48;2;16;20;34m▀[38;2;16;20;34m[48;2;16;20;34m▀[38;2;16;20;34m[48;2;16;20;34m▀[38;2;16;20;34m[48;2;16;20;34m▀[38;2;16;20;34m[48;2;16;20;34m▀[38;2;16;20;34m[48;2;16;20;34m▀[38;2;16;20;34m[48;2;16;20;34m▀[38;2;16;20;34m[48;2;16;20;34m▀[38;2;16;20;34m[48;2;16;20;34m▀[38;2;16;20;34m[48;2;16;20;34m▀[38;2;16;20;34m[48;2;16;20;34m▀[38;2;16;20;34m[48;2;16;20;34m▀[38;2;16;20;34m[48;2;16;20;34m▀[38;2;16;20;34m[48;2;16;20;34m▀[38;2;16;20;34m[48;2;16;20;34m▀[38;2;16;20;34m[48;2;16;20;34m▀[38;2;16;20;34m[48;2;16;20;34m▀[38;2;16;20;34m[48;2;16;20;34m▀[38;2;16;20;34m[48;2;16;20;34m▀[38;2;16;20;34m[48;2;16;20;34m▀[38;2;16;20;34m[48;2;16;20;34m▀[38;2;16;20;34m[48;2;16;20;34m▀[38;2;16;20;34m[48;2;16;20;34m▀[38;2;16;20;34m[48;2;16;20;34m▀[38;2;16;20;34m[48;2;16;20;34m▀[38;2;16;20;34m[48;2;16;20;34m▀[38;2;16;20;34m[48;2;16;20;34m▀[38;2;16;20;34m[48;2;16;20;34m▀[38;2;16;20;34m[48;2;16;20;34m▀[38;2;16;20;34m[48;2;16;20;34m▀[38;2;16;20;34m[48;2;16;20;34m▀[38;2;16;20;34m[48;2;16;20;34m▀[38;2;16;20;34m[48;2;16;20;34m▀[38;2;16;20;34m[48;2;16;20;34m▀[38;2;16;20;34m[48;2;16;20;34m▀[38;2;16;20;34m[48;2;16;20;34m▀[38;2;16;20;34m[48;2;16;20;34m▀[38;2;16;20;34m[48;2;16;20;34m▀[38;2;16;20;34m[48;2;16;20;34m▀[38;2;16;20;34m[48;2;16;20;34m▀[38;2;16;20;34m[48;2;16;20;34m▀[38;2;16;20;34m[48;2;16;20;34m▀[38;2;16;20;34m[48;2;16;20;34m▀[38;2;16;20;34m[48;2;16;20;34m▀[38;2;16;20;34m[48;2;16;20;34m▀[38;2;16;20;34m[48;2;16;20;34m▀[38;2;16;20;34m[48;2;16;20;34m▀[38;2;16;20;34m[48;2;16;20;34m▀[38;2;16;20;34m[48;2;16;20;34m▀[38;2;16;20;34m[48;2;16;20;34m▀[38;2;16;20;34m[48;2;16;20;34m▀[38;2;16;20;34m[48;2;16;20;34m▀[38;2;16;20;34m[48;2;16;20;34m▀[38;2;16;20;34m[48;2;16;20;34m▀[38;2;16;20;34m[48;2;16;20;34m▀[38;2;16;20;34m[48;2;16;20;34m▀[38;2;16;20;34m[48;2;16;20;34m▀[38;2;16;20;34m[48;2;16;20;34m▀[38;2;16;20;34m[48;2;16;20;34m▀[38;2;16;20;34m[48;2;16;20;34m▀[38;2;16;20;34m[48;2;16;20;34m▀[38;2;16;20;34m[48;2;16;20;34m▀[38;2;16;20;34m[48;2;16;20;34m▀[38;2;16;20;34m[48;2;16;20;34m▀[38;2;16;20;34m[48;2;16;20;34m▀[38;2;16;20;34m[48;2;16;20;34m▀[38;2;16;20;34m[48;2;16;20;34m▀[38;2;16;20;34m[48;2;16;20;34m▀[38;2;16;20;34m[48;2;16;20;34m▀[38;2;16;20;34m[48;2;16;20;34m▀[38;2;16;20;34m[48;2;16;20;34m▀[38;2;16;20;34m[48;2;16;20;34m▀[38;2;16;20;34m[48;2;16;20;34m▀[38;2;16;20;34m[48;2;16;20;34m▀[38;2;16;20;34m[48;2;16;20;34m▀[38;2;16;20;34m[48;2;16;20;34m▀[48;2;16;20;34m[38;2;90;108;156m│[0m
[48;2;16;20;34m[38;2;90;108;156m│[38;2;16;20;34m[48;2;16;20;34m▀[38;2;16;20;34m[48;2;16;20;34m▀[48;2;16;20;34m[38;2;169;253;249m🬞[48;2;16;20;34m[38;2;168;252;248m🬹[48;2;16;20;34m[38;2;168;250;247m🬝[48;2;16;20;34m[38;2;167;249;247m🬬[48;2;16;20;34m[38;2;166;247;246m█[48;2;16;20;34m[38;2;165;245;245m🬓[38;2;16;20;34m[48;2;16;20;34m▀[38;2;16;20;34m[48;2;16;20;34m▀[38;2;16;20;34m[48;2;16;20;34m▀[38;2;16;20;34m[48;2;16;20;34m▀[38;2;16;20;34m[48;2;16;20;34m▀[38;2;16;20;34m[48;2;16;20;34m▀[38;2;16;20;34m[48;2;16;20;34m▀[38;2;16;20;34m[48;2;16;20;34m▀[38;2;16;20;34m[48;2;16;20;34m▀[38;2;16;20;34m[48;2;16;20;34m▀[38;2;16;20;34m[48;2;16;20;34m▀[38;2;16;20;34m[48;2;16;20;34m▀[38;2;16;20;34m[48;2;16;20;34m▀[38;2;16;20;34m[48;2;16;20;34m▀[38;2;16;20;34m[48;2;16;20;34m▀[38;2;16;20;34m[48;2;16;20;34m▀[38;2;16;20;34m[48;2;16;20;34m▀[38;2;16;20;34m[48;2;16;20;34m▀[38;2;16;20;34m[48;2;16;20;34m▀[38;2;16;20;34m[48;2;16;20;34m▀[38;2;16;20;34m[48;2;16;20;34m▀[38;2;16;20;34m[48;2;16;20;34m▀[38;2;16;20;34m[48;2;16;20;34m▀[38;2;16;20;34m[48;2;16;20;34m▀[38;2;16;20;34m[48;2;16;20;34m▀[38;2;16;20;34m[48;2;16;20;34m▀[38;2;16;20;34m[48;2;16;20;34m▀[38;2;16;20;34m[48;2;16;20;34m▀[48;2;16;20;34m[38;2;142;198;220m🬞[48;2;16;20;34m[38;2;142;197;219m🬻[48;2;16;20;34m[38;2;141;195;218m█[48;2;16;20;34m[38;2;140;194;217m█[48;2;16;20;34m[38;2;139;192;216m🬺[48;2;16;20;34m[38;2;138;190;215m🬏[48;2;16;20;34m[38;2;138;189;214m🬇[48;2;16;20;34m[38;2;137;187;214m🬎[48;2;16;20;34m[38;2;136;185;213m█[48;2;16;20;34m[38;2;135;184;212m🬹[38;2;16;20;34m[48;2;16;20;34m▀[38;2;16;20;34m[48;2;16;20;34m▀[38;2;16;20;34m[48;2;16;20;34m▀[38;2;16;20;34m[48;2;16;20;34m▀[38;2;16;20;34m[48;2;16;20;34m▀[38;2;16;20;34m[48;2;16;20;34m▀[38;2;16;20;34m[48;2;16;20;34m▀[38;2;16;20;34m[48;2;16;20;34m▀[38;2;16;20;34m[48;2;16;20;34m▀[48;2;16;20;34m[38;2;127;168;203m🬖[38;2;16;20;34m[48;2;16;20;34m▀[38;2;16;20;34m[48;2;16;20;34m▀[38;2;16;20;34m[48;2;16;20;34m▀[38;2;16;20;34m[48;2;16;20;34m▀[38;2;16;20;34m[48;2;16;20;34m▀[38;2;16;20;34m[48;2;16;20;34m▀[38;2;16;20;34m[48;2;16;20;34m▀[38;2;16;20;34m[48;2;16;20;34m▀[38;2;16;20;34m[48;2;16;20;34m▀[38;2;16;20;34m[48;2;16;20;34m▀[38;2;16;20;34m[48;2;16;20;34m▀[38;2;16;20;34m[48;2;16;20;34m▀[38;2;16;20;34m[48;2;16;20;34m▀[38;2;16;20;34m[48;2;16;20;34m▀[38;2;16;20;34m[48;2;16;20;34m▀[38;2;16;20;34m[48;2;16;20;34m▀[38;2;16;20;34m[48;2;16;20;34m▀[38;2;16;20;34m[48;2;16;20;34m▀[38;2;16;20;34m[48;2;16;20;34m▀[38;2;16;20;34m[48;2;16;20;34m▀[38;2;16;20;34m[48;2;16;20;34m▀[38;2;16;20;34m[48;2;16;20;34m▀[48;2;16;20;34m[38;2;90;108;156m│[0m
[48;2;16;20;34m[38;2;90;108;156m│[38;2;16;20;34m[48;2;16;20;34m▀[48;2;16;20;34m[38;2;170;255;250m🬵[48;2;16;20;34m[38;2;169;253;249m🬬[48;2;16;20;34m[38;2;168;252;248m█[38;2;16;20;34m[48;2;16;20;34m▀[38;2;16;20;34m[48;2;16;20;34m▀[48;2;16;20;34m[38;2;166;247;246m▐[48;2;16;20;34m[38;2;165;245;245m▌[38;2;16;20;34m[48;2;16;20;34m▀[38;2;16;20;34m[48;2;16;20;34m▀[38;2;16;20;34m[48;2;16;20;34m▀[38;2;16;20;34m[48;2;16;20;34m▀[38;2;16;20;34m[48;2;16;20;34m▀[38;2;16;20;34m[48;2;16;20;34m▀[38;2;16;20;34m[48;2;16;20;34m▀[48;2;16;20;34m[38;2;159;232;238m🬞[38;2;16;20;34m[48;2;16;20;34m▀[38;2;16;20;34m[48;2;16;20;34m▀[38;2;16;20;34m[48;2;16;20;34m▀[38;2;16;20;34m[48;2;16;20;34m▀[38;2;16;20;34m[48;2;16;20;34m▀[38;2;16;20;34m[48;2;16;20;34m▀[38;2;16;20;34m[48;2;16;20;34m▀[38;2;16;20;34m[48;2;16;20;34m▀[38;2;16;20;34m[48;2;16;20;34m▀[38;2;16;20;34m[48;2;16;20;34m▀[38;2;16;20;34m[48;2;16;20;34m▀[38;2;16;20;34m[48;2;16;20;34m▀[38;2;16;20;34m[48;2;16;20;34m▀[38;2;16;20;34m[48;2;16;20;34m▀[38;2;16;20;34m[48;2;16;20;34m▀[38;2;16;20;34m[48;2;16;20;34m▀[38;2;16;20;34m[48;2;16;20;34m▀[38;2;16;20;34m[48;2;16;20;34m▀[38;2;16;20;34m[48;2;16;20;34m▀[48;2;16;20;34m[38;2;143;200;220m🬞[48;2;16;20;34m[38;2;142;198;220m🬝[48;2;16;20;34m[38;2;142;197;219m🬀[38;2;16;20;34m[48;2;16;20;34m▀[48;2;16;20;34m[38;2;140;194;217m🬁[48;2;16;20;34m[38;2;139;192;216m🬨[48;2;16;20;34m[38;2;138;190;215m█[48;2;16;20;34m[38;2;138;189;214m▌[38;2;16;20;34m[48;2;16;20;34m▀[48;2;16;20;34m[38;2;136;185;213m▐[48;2;16;20;34m[38;2;135;184;212m█[48;2;16;20;34m[38;2;134;182;211m🬲[38;2;16;20;34m[48;2;16;20;34m▀[38;2;16;20;34m[48;2;16;20;34m▀[38;2;16;20;34m[48;2;16;20;34m▀[38;2;16;20;34m[48;2;16;20;34m▀[38;2;16;20;34m[48;2;16;20;34m▀[38;2;16;20;34m[48;2;16;20;34m▀[38;2;16;20;34m[48;2;16;20;34m▀[48;2;16;20;34m[38;2;128;169;204m🬁[48;2;16;20;34m[38;2;127;168;203m█[48;2;16;20;34m[38;2;127;166;202m🬹[48;2;16;20;34m[38;2;126;164;201m🬭[38;2;16;20;34m[48;2;16;20;34m▀[38;2;16;20;34m[48;2;16;20;34m▀[38;2;16;20;34m[48;2;16;20;34m▀[38;2;16;20;34m[48;2;16;20;34m▀[38;2;16;20;34m[48;2;16;20;34m▀[38;2;16;20;34m[48;2;16;20;34m▀[38;2;16;20;34m[48;2;16;20;34m▀[38;2;16;20;34m[48;2;16;20;34m▀[38;2;16;20;34m[48;2;16;20;34m▀[38;2;16;20;34m[48;2;16;20;34m▀[38;2;16;20;34m[48;2;16;20;34m▀[38;2;16;20;34m[48;2;16;20;34m▀[38;2;16;20;34m[48;2;16;20;34m▀[38;2;16;20;34m[48;2;16;20;34m▀[38;2;16;20;34m[48;2;16;20;34m▀[38;2;16;20;34m[48;2;16;20;34m▀[38;2;16;20;34m[48;2;16;20;34m▀[38;2;16;20;34m[48;2;16;20;34m▀[38;2;16;20;34m[48;2;16;20;34m▀[38;2;16;20;34m[48;2;16;20;34m▀[48;2;16;20;34m[38;2;90;108;156m│[0m
[48;2;16;20;34m[38;2;90;108;156m│[38;2;16;20;34m[48;2;16;20;34m▀[48;2;16;20;34m[38;2;170;255;250m█[48;2;16;20;34m[38;2;169;253;249m🬁[48;2;16;20;34m[38;2;168;252;248m🬬[48;2;16;20;34m[38;2;168;250;247m🬺[48;2;16;20;34m[38;2;167;249;247m🬭[38;2;16;20;34m[48;2;16;20;34m▀[38;2;16;20;34m[48;2;16;20;34m▀[48;2;16;20;34m[38;2;164;244;244m🬞[48;2;16;20;34m[38;2;164;242;243m█[48;2;16;20;34m[38;2;163;240;242m🬓[38;2;16;20;34m[48;2;16;20;34m▀[48;2;16;20;34m[38;2;161;237;240m🬷[48;2;16;20;34m[38;2;161;236;240m🬲[38;2;16;20;34m[48;2;16;20;34m▀[48;2;16;20;34m[38;2;159;232;238m🬨[48;2;16;20;34m[38;2;158;231;237m█[48;2;16;20;34m[38;2;157;229;236m🬱[48;2;16;20;34m[38;2;157;227;235m🬵[48;2;16;20;34m[38;2;156;226;234m🬺[38;2;16;20;34m[48;2;16;20;34m▀[38;2;16;20;34m[48;2;16;20;34m▀[48;2;16;20;34m[38;2;153;221;232m🬞[48;2;16;20;34m[38;2;153;219;231m🬋[48;2;16;20;34m[38;2;152;218;230m█[48;2;16;20;34m[38;2;151;216;229m🬏[38;2;16;20;34m[48;2;16;20;34m▀[48;2;16;20;34m[38;2;149;213;227m🬻[48;2;16;20;34m[38;2;149;211;227m🬱[48;2;16;20;34m[38;2;148;210;226m🬵[48;2;16;20;34m[38;2;147;208;225m🬲[38;2;16;20;34m[48;2;16;20;34m▀[38;2;16;20;34m[48;2;16;20;34m▀[38;2;16;20;34m[48;2;16;20;34m▀[38;2;16;20;34m[48;2;16;20;34m▀[48;2;16;20;34m[38;2;143;200;220m🬉[48;2;16;20;34m[38;2;142;198;220m▌[38;2;16;20;34m[48;2;16;20;34m▀[38;2;16;20;34m[48;2;16;20;34m▀[38;2;16;20;34m[48;2;16;20;34m▀[38;2;16;20;34m[48;2;16;20;34m▀[48;2;16;20;34m[38;2;138;190;215m█[48;2;16;20;34m[38;2;138;189;214m▌[38;2;16;20;34m[48;2;16;20;34m▀[48;2;16;20;34m[38;2;136;185;213m🬭[48;2;16;20;34m[38;2;135;184;212m█[48;2;16;20;34m[38;2;134;182;211m🬂[38;2;16;20;34m[48;2;16;20;34m▀[38;2;16;20;34m[48;2;16;20;34m▀[38;2;16;20;34m[48;2;16;20;34m▀[48;2;16;20;34m[38;2;131;176;207m🬵[48;2;16;20;34m[38;2;131;174;207m🬺[48;2;16;20;34m[38;2;130;172;206m🬏[38;2;16;20;34m[48;2;16;20;34m▀[38;2;16;20;34m[48;2;16;20;34m▀[48;2;16;20;34m[38;2;127;168;203m🬁[48;2;16;20;34m[38;2;127;166;202m🬊[48;2;16;20;34m[38;2;126;164;201m█[48;2;16;20;34m[38;2;125;163;201m█[48;2;16;20;34m[38;2;124;161;200m🬱[38;2;16;20;34m[48;2;16;20;34m▀[38;2;16;20;34m[48;2;16;20;34m▀[38;2;16;20;34m[48;2;16;20;34m▀[48;2;16;20;34m[38;2;121;155;196m🬷[48;2;16;20;34m[38;2;120;153;195m🬹[48;2;16;20;34m[38;2;119;151;194m🬏[38;2;16;20;34m[48;2;16;20;34m▀[38;2;16;20;34m[48;2;16;20;34m▀[48;2;16;20;34m[38;2;117;147;192m🬞[48;2;16;20;34m[38;2;116;145;191m🬋[48;2;16;20;34m[38;2;116;143;190m█[48;2;16;20;34m[38;2;115;142;189m🬏[38;2;16;20;34m[48;2;16;20;34m▀[48;2;16;20;34m[38;2;113;138;187m🬻[48;2;16;20;34m[38;2;112;137;187m🬱[48;2;16;20;34m[38;2;112;135;186m🬵[48;2;16;20;34m[38;2;111;134;185m🬱[38;2;16;20;34m[48;2;16;20;34m▀[48;2;16;20;34m[38;2;90;108;156m│[0m
[48;2;16;20;34m[38;2;90;108;156m│[38;2;16;20;34m[48;2;16;20;34m▀[48;2;16;20;34m[38;2;170;255;250m🬁[48;2;16;20;34m[38;2;169;253;249m🬪[48;2;16;20;34m[38;2;168;252;248m🬱[48;2;16;20;34m[38;2;168;250;247m🬊[48;2;16;20;34m[38;2;167;249;247m🬬[48;2;16;20;34m[38;2;166;247;246m🬺[48;2;16;20;34m[38;2;165;245;245m🬱[38;2;16;20;34m[48;2;16;20;34m▀[48;2;16;20;34m[38;2;164;242;243m🬨[48;2;16;20;34m[38;2;163;240;242m▌[38;2;16;20;34m[48;2;16;20;34m▀[48;2;16;20;34m[38;2;161;237;240m🬨[48;2;16;20;34m[38;2;161;236;240m🬕[38;2;16;20;34m[48;2;16;20;34m▀[38;2;16;20;34m[48;2;16;20;34m▀[48;2;16;20;34m[38;2;158;231;237m█[48;2;16;20;34m[38;2;157;229;236m▌[38;2;16;20;34m[48;2;16;20;34m▀[48;2;16;20;34m[38;2;156;226;234m🬬[48;2;16;20;34m[38;2;155;224;234m🬺[38;2;16;20;34m[48;2;16;20;34m▀[48;2;16;20;34m[38;2;153;221;232m█[38;2;16;20;34m[48;2;16;20;34m▀[48;2;16;20;34m[38;2;152;218;230m🬨[48;2;16;20;34m[38;2;151;216;229m🬺[38;2;16;20;34m[48;2;16;20;34m▀[48;2;16;20;34m[38;2;149;213;227m▐[48;2;16;20;34m[38;2;149;211;227m█[48;2;16;20;34m[38;2;148;210;226m🬁[48;2;16;20;34m[38;2;147;208;225m🬆[38;2;16;20;34m[48;2;16;20;34m▀[38;2;16;20;34m[48;2;16;20;34m▀[38;2;16;20;34m[48;2;16;20;34m▀[38;2;16;20;34m[48;2;16;20;34m▀[38;2;16;20;34m[48;2;16;20;34m▀[48;2;16;20;34m[38;2;142;198;220m🬊[48;2;16;20;34m[38;2;142;197;219m🬃[38;2;16;20;34m[48;2;16;20;34m▀[48;2;16;20;34m[38;2;140;194;217m🬃[48;2;16;20;34m[38;2;139;192;216m🬞[48;2;16;20;34m[38;2;138;190;215m🬝[38;2;16;20;34m[48;2;16;20;34m▀[48;2;16;20;34m[38;2;137;187;214m🬎[48;2;16;20;34m[38;2;136;185;213m🬎[48;2;16;20;34m[38;2;135;184;212m█[48;2;16;20;34m[38;2;134;182;211m🬺[48;2;16;20;34m[38;2;134;181;210m🬏[48;2;16;20;34m[38;2;133;179;209m🬞[48;2;16;20;34m[38;2;132;177;208m🬜[38;2;16;20;34m[48;2;16;20;34m▀[48;2;16;20;34m[38;2;131;174;207m🬨[48;2;16;20;34m[38;2;130;172;206m█[48;2;16;20;34m[38;2;129;171;205m🬀[38;2;16;20;34m[48;2;16;20;34m▀[48;2;16;20;34m[38;2;127;168;203m▐[48;2;16;20;34m[38;2;127;166;202m█[38;2;16;20;34m[48;2;16;20;34m▀[48;2;16;20;34m[38;2;125;163;201m🬉[48;2;16;20;34m[38;2;124;161;200m█[48;2;16;20;34m[38;2;123;160;199m🬓[48;2;16;20;34m[38;2;123;158;198m🬦[48;2;16;20;34m[38;2;122;156;197m🬕[38;2;16;20;34m[48;2;16;20;34m▀[48;2;16;20;34m[38;2;120;153;195m🬊[48;2;16;20;34m[38;2;119;151;194m█[48;2;16;20;34m[38;2;119;150;194m🬀[48;2;16;20;34m[38;2;118;148;193m🬞[48;2;16;20;34m[38;2;117;147;192m█[38;2;16;20;34m[48;2;16;20;34m▀[48;2;16;20;34m[38;2;116;143;190m🬨[48;2;16;20;34m[38;2;115;142;189m▌[38;2;16;20;34m[48;2;16;20;34m▀[48;2;16;20;34m[38;2;113;138;187m▐[48;2;16;20;34m[38;2;112;137;187m█[48;2;16;20;34m[38;2;112;135;186m🬁[48;2;16;20;34m[38;2;111;134;185m🬆[38;2;16;20;34m[48;2;16;20;34m▀[48;2;16;20;34m[38;2;90;108;156m│[0m
[48;2;16;20;34m[38;2;90;108;156m│[38;2;16;20;34m[48;2;16;20;34m▀[48;2;16;20;34m[38;2;170;255;250m🬭[38;2;16;20;34m[48;2;16;20;34m▀[48;2;16;20;34m[38;2;168;252;248m🬂[48;2;16;20;34m[38;2;168;250;247m🬪[48;2;16;20;34m[38;2;167;249;247m🬱[48;2;16;20;34m[38;2;166;247;246m🬨[48;2;16;20;34m[38;2;165;245;245m█[38;2;16;20;34m[48;2;16;20;34m▀[48;2;16;20;34m[38;2;164;242;243m▐[48;2;16;20;34m[38;2;163;240;242m▌[38;2;16;20;34m[48;2;16;20;34m▀[48;2;16;20;34m[38;2;161;237;240m▐[48;2;16;20;34m[38;2;161;236;240m▌[38;2;16;20;34m[48;2;16;20;34m▀[38;2;16;20;34m[48;2;16;20;34m▀[48;2;16;20;34m[38;2;158;231;237m█[48;2;16;20;34m[38;2;157;229;236m▌[38;2;16;20;34m[48;2;16;20;34m▀[48;2;16;20;34m[38;2;156;226;234m▐[48;2;16;20;34m[38;2;155;224;234m█[48;2;16;20;34m[38;2;154;223;233m▐[48;2;16;20;34m[38;2;153;221;232m█[48;2;16;20;34m[38;2;153;219;231m🬃[38;2;16;20;34m[48;2;16;20;34m▀[38;2;16;20;34m[48;2;16;20;34m▀[38;2;16;20;34m[48;2;16;20;34m▀[48;2;16;20;34m[38;2;149;213;227m▐[48;2;16;20;34m[38;2;149;211;227m█[38;2;16;20;34m[48;2;16;20;34m▀[38;2;16;20;34m[48;2;16;20;34m▀[38;2;16;20;34m[48;2;16;20;34m▀[38;2;16;20;34m[48;2;16;20;34m▀[38;2;16;20;34m[48;2;16;20;34m▀[38;2;16;20;34m[48;2;16;20;34m▀[38;2;16;20;34m[48;2;16;20;34m▀[38;2;16;20;34m[48;2;16;20;34m▀[38;2;16;20;34m[48;2;16;20;34m▀[38;2;16;20;34m[48;2;16;20;34m▀[48;2;16;20;34m[38;2;140;194;217m🬵[48;2;16;20;34m[38;2;139;192;216m🬔[38;2;16;20;34m[48;2;16;20;34m▀[38;2;16;20;34m[48;2;16;20;34m▀[38;2;16;20;34m[48;2;16;20;34m▀[38;2;16;20;34m[48;2;16;20;34m▀[48;2;16;20;34m[38;2;135;184;212m🬁[48;2;16;20;34m[38;2;134;182;211m█[48;2;16;20;34m[38;2;134;181;210m▌[48;2;16;20;34m[38;2;133;179;209m▐[48;2;16;20;34m[38;2;132;177;208m▌[38;2;16;20;34m[48;2;16;20;34m▀[48;2;16;20;34m[38;2;131;174;207m▐[48;2;16;20;34m[38;2;130;172;206m█[38;2;16;20;34m[48;2;16;20;34m▀[38;2;16;20;34m[48;2;16;20;34m▀[48;2;16;20;34m[38;2;127;168;203m▐[48;2;16;20;34m[38;2;127;166;202m█[38;2;16;20;34m[48;2;16;20;34m▀[38;2;16;20;34m[48;2;16;20;34m▀[48;2;16;20;34m[38;2;124;161;200m🬬[48;2;16;20;34m[38;2;123;160;199m🬄[48;2;16;20;34m[38;2;123;158;198m█[48;2;16;20;34m[38;2;122;156;197m▌[38;2;16;20;34m[48;2;16;20;34m▀[48;2;16;20;34m[38;2;120;153;195m🬦[48;2;16;20;34m[38;2;119;151;194m█[38;2;16;20;34m[48;2;16;20;34m▀[48;2;16;20;34m[38;2;118;148;193m▐[48;2;16;20;34m[38;2;117;147;192m█[38;2;16;20;34m[48;2;16;20;34m▀[38;2;16;20;34m[48;2;16;20;34m▀[38;2;16;20;34m[48;2;16;20;34m▀[38;2;16;20;34m[48;2;16;20;34m▀[48;2;16;20;34m[38;2;113;138;187m▐[48;2;16;20;34m[38;2;112;137;187m█[38;2;16;20;34m[48;2;16;20;34m▀[38;2;16;20;34m[48;2;16;20;34m▀[38;2;16;20;34m[48;2;16;20;34m▀[48;2;16;20;34m[38;2;90;108;156m│[0m
[48;2;16;20;34m[38;2;90;108;156m│[38;2;16;20;34m[48;2;16;20;34m▀[48;2;16;20;34m[38;2;170;255;250m█[48;2;16;20;34m[38;2;169;253;249m🬏[38;2;16;20;34m[48;2;16;20;34m▀[38;2;16;20;34m[48;2;16;20;34m▀[48;2;16;20;34m[38;2;167;249;247m🬆[48;2;16;20;34m[38;2;166;247;246m🬷[48;2;16;20;34m[38;2;165;245;245m🬝[38;2;16;20;34m[48;2;16;20;34m▀[48;2;16;20;34m[38;2;164;242;243m🬷[48;2;16;20;34m[38;2;163;240;242m🬲[38;2;16;20;34m[48;2;16;20;34m▀[48;2;16;20;34m[38;2;161;237;240m🬷[48;2;16;20;34m[38;2;161;236;240m🬲[38;2;16;20;34m[48;2;16;20;34m▀[48;2;16;20;34m[38;2;159;232;238m🬵[48;2;16;20;34m[38;2;158;231;237m█[48;2;16;20;34m[38;2;157;229;236m🬲[48;2;16;20;34m[38;2;157;227;235m🬏[48;2;16;20;34m[38;2;156;226;234m▐[48;2;16;20;34m[38;2;155;224;234m🬄[38;2;16;20;34m[48;2;16;20;34m▀[48;2;16;20;34m[38;2;153;221;232m█[48;2;16;20;34m[38;2;153;219;231m🬲[38;2;16;20;34m[48;2;16;20;34m▀[38;2;16;20;34m[48;2;16;20;34m▀[38;2;16;20;34m[48;2;16;20;34m▀[48;2;16;20;34m[38;2;149;213;227m▐[48;2;16;20;34m[38;2;149;211;227m█[48;2;16;20;34m[38;2;148;210;226m🬏[38;2;16;20;34m[48;2;16;20;34m▀[38;2;16;20;34m[48;2;16;20;34m▀[38;2;16;20;34m[48;2;16;20;34m▀[38;2;16;20;34m[48;2;16;20;34m▀[38;2;16;20;34m[48;2;16;20;34m▀[38;2;16;20;34m[48;2;16;20;34m▀[38;2;16;20;34m[48;2;16;20;34m▀[38;2;16;20;34m[48;2;16;20;34m▀[48;2;16;20;34m[38;2;141;195;218m🬂[48;2;16;20;34m[38;2;140;194;217m🬬[48;2;16;20;34m[38;2;139;192;216m█[48;2;16;20;34m[38;2;138;190;215m🬹[48;2;16;20;34m[38;2;138;189;214m🬏[38;2;16;20;34m[48;2;16;20;34m▀[38;2;16;20;34m[48;2;16;20;34m▀[38;2;16;20;34m[48;2;16;20;34m▀[48;2;16;20;34m[38;2;134;182;211m🬝[48;2;16;20;34m[38;2;134;181;210m🬀[48;2;16;20;34m[38;2;133;179;209m▐[48;2;16;20;34m[38;2;132;177;208m█[48;2;16;20;34m[38;2;131;176;207m🬏[48;2;16;20;34m[38;2;131;174;207m▐[48;2;16;20;34m[38;2;130;172;206m█[38;2;16;20;34m[48;2;16;20;34m▀[38;2;16;20;34m[48;2;16;20;34m▀[48;2;16;20;34m[38;2;127;168;203m🬷[48;2;16;20;34m[38;2;127;166;202m█[48;2;16;20;34m[38;2;126;164;201m🬭[38;2;16;20;34m[48;2;16;20;34m▀[48;2;16;20;34m[38;2;124;161;200m🬝[38;2;16;20;34m[48;2;16;20;34m▀[48;2;16;20;34m[38;2;123;158;198m🬨[48;2;16;20;34m[38;2;122;156;197m🬺[38;2;16;20;34m[48;2;16;20;34m▀[48;2;16;20;34m[38;2;120;153;195m▐[48;2;16;20;34m[38;2;119;151;194m█[48;2;16;20;34m[38;2;119;150;194m🬏[48;2;16;20;34m[38;2;118;148;193m🬁[48;2;16;20;34m[38;2;117;147;192m█[48;2;16;20;34m[38;2;116;145;191m🬱[38;2;16;20;34m[48;2;16;20;34m▀[38;2;16;20;34m[48;2;16;20;34m▀[38;2;16;20;34m[48;2;16;20;34m▀[48;2;16;20;34m[38;2;113;138;187m▐[48;2;16;20;34m[38;2;112;137;187m█[38;2;16;20;34m[48;2;16;20;34m▀[38;2;16;20;34m[48;2;16;20;34m▀[38;2;16;20;34m[48;2;16;20;34m▀[48;2;16;20;34m[38;2;90;108;156m│[0m
[48;2;16;20;34m[38;2;90;108;156m│[38;2;16;20;34m[48;2;16;20;34m▀[48;2;16;20;34m[38;2;170;255;250m🬎[48;2;16;20;34m[38;2;169;253;249m🬎[48;2;16;20;34m[38;2;168;252;248m🬎[48;2;16;20;34m[38;2;168;250;247m🬺[48;2;16;20;34m[38;2;167;249;247m🬎[48;2;16;20;34m[38;2;166;247;246m🬆[38;2;16;20;34m[48;2;16;20;34m▀[38;2;16;20;34m[48;2;16;20;34m▀[48;2;16;20;34m[38;2;164;242;243m🬂[48;2;16;20;34m[38;2;163;240;242m🬎[48;2;16;20;34m[38;2;162;239;241m🬄[48;2;16;20;34m[38;2;161;237;240m🬁[48;2;16;20;34m[38;2;161;236;240m🬎[48;2;16;20;34m[38;2;160;234;239m🬀[38;2;16;20;34m[48;2;16;20;34m▀[48;2;16;20;34m[38;2;158;231;237m🬨[48;2;16;20;34m[38;2;157;229;236m🬝[48;2;16;20;34m[38;2;157;227;235m🬎[48;2;16;20;34m[38;2;156;226;234m🬀[38;2;16;20;34m[48;2;16;20;34m▀[38;2;16;20;34m[48;2;16;20;34m▀[48;2;16;20;34m[38;2;153;221;232m🬁[48;2;16;20;34m[38;2;153;219;231m🬬[48;2;16;20;34m[38;2;152;218;230m🬎[48;2;16;20;34m[38;2;151;216;229m🬀[38;2;16;20;34m[48;2;16;20;34m▀[48;2;16;20;34m[38;2;149;213;227m🬁[48;2;16;20;34m[38;2;149;211;227m🬊[48;2;16;20;34m[38;2;148;210;226m🬆[38;2;16;20;34m[48;2;16;20;34m▀[38;2;16;20;34m[48;2;16;20;34m▀[38;2;16;20;34m[48;2;16;20;34m▀[38;2;16;20;34m[48;2;16;20;34m▀[38;2;16;20;34m[48;2;16;20;34m▀[38;2;16;20;34m[48;2;16;20;34m▀[38;2;16;20;34m[48;2;16;20;34m▀[38;2;16;20;34m[48;2;16;20;34m▀[38;2;16;20;34m[48;2;16;20;34m▀[38;2;16;20;34m[48;2;16;20;34m▀[48;2;16;20;34m[38;2;139;192;216m🬊[48;2;16;20;34m[38;2;138;190;215m🬎[48;2;16;20;34m[38;2;138;189;214m█[48;2;16;20;34m[38;2;137;187;214m🬛[48;2;16;20;34m[38;2;136;185;213m🬋[48;2;16;20;34m[38;2;135;184;212m🬂[38;2;16;20;34m[48;2;16;20;34m▀[38;2;16;20;34m[48;2;16;20;34m▀[38;2;16;20;34m[48;2;16;20;34m▀[48;2;16;20;34m[38;2;132;177;208m🬊[48;2;16;20;34m[38;2;131;176;207m🬎[48;2;16;20;34m[38;2;131;174;207m🬂[48;2;16;20;34m[38;2;130;172;206m🬬[48;2;16;20;34m[38;2;129;171;205m🬆[38;2;16;20;34m[48;2;16;20;34m▀[38;2;16;20;34m[48;2;16;20;34m▀[48;2;16;20;34m[38;2;127;166;202m🬂[48;2;16;20;34m[38;2;126;164;201m🬎[48;2;16;20;34m[38;2;125;163;201m🬆[38;2;16;20;34m[48;2;16;20;34m▀[38;2;16;20;34m[48;2;16;20;34m▀[38;2;16;20;34m[48;2;16;20;34m▀[48;2;16;20;34m[38;2;122;156;197m🬎[48;2;16;20;34m[38;2;121;155;196m🬄[48;2;16;20;34m[38;2;120;153;195m🬁[48;2;16;20;34m[38;2;119;151;194m█[48;2;16;20;34m[38;2;119;150;194m▌[38;2;16;20;34m[48;2;16;20;34m▀[48;2;16;20;34m[38;2;117;147;192m🬁[48;2;16;20;34m[38;2;116;145;191m🬬[48;2;16;20;34m[38;2;116;143;190m🬎[38;2;16;20;34m[48;2;16;20;34m▀[38;2;16;20;34m[48;2;16;20;34m▀[48;2;16;20;34m[38;2;113;138;187m🬁[48;2;16;20;34m[38;2;112;137;187m🬎[48;2;16;20;34m[38;2;112;135;186m🬄[38;2;16;20;34m[48;2;16;20;34m▀[38;2;16;20;34m[48;2;16;20;34m▀[48;2;16;20;34m[38;2;90;108;156m│[0m
[48;2;16;20;34m[38;2;90;108;156m│[38;2;16;20;34m[48;2;16;20;34m▀[38;2;16;20;34m[48;2;16;20;34m▀[38;2;16;20;34m[48;2;16;20;34m▀[38;2;16;20;34m[48;2;16;20;34m▀[38;2;16;20;34m[48;2;16;20;34m▀[38;2;16;20;34m[48;2;16;20;34m▀[38;2;16;20;34m[48;2;16;20;34m▀[38;2;16;20;34m[48;2;16;20;34m▀[38;2;16;20;34m[48;2;16;20;34m▀[38;2;16;20;34m[48;2;16;20;34m▀[38;2;16;20;34m[48;2;16;20;34m▀[38;2;16;20;34m[48;2;16;20;34m▀[38;2;16;20;34m[48;2;16;20;34m▀[38;2;16;20;34m[48;2;16;20;34m▀[38;2;16;20;34m[48;2;16;20;34m▀[38;2;16;20;34m[48;2;16;20;34m▀[48;2;16;20;34m[38;2;158;231;237m▐[48;2;16;20;34m[38;2;157;229;236m🬄[38;2;16;20;34m[48;2;16;20;34m▀[38;2;16;20;34m[48;2;16;20;34m▀[38;2;16;20;34m[48;2;16;20;34m▀[38;2;16;20;34m[48;2;16;20;34m▀[38;2;16;20;34m[48;2;16;20;34m▀[38;2;16;20;34m[48;2;16;20;34m▀[38;2;16;20;34m[48;2;16;20;34m▀[38;2;16;20;34m[48;2;16;20;34m▀[38;2;16;20;34m[48;2;16;20;34m▀[38;2;16;20;34m[48;2;16;20;34m▀[38;2;16;20;34m[48;2;16;20;34m▀[38;2;16;20;34m[48;2;16;20;34m▀[38;2;16;20;34m[48;2;16;20;34m▀[38;2;16;20;34m[48;2;16;20;34m▀[38;2;16;20;34m[48;2;16;20;34m▀[38;2;16;20;34m[48;2;16;20;34m▀[38;2;16;20;34m[48;2;16;20;34m▀[38;2;16;20;34m[48;2;16;20;34m▀[38;2;16;20;34m[48;2;16;20;34m▀[38;2;16;20;34m[48;2;16;20;34m▀[38;2;16;20;34m[48;2;16;20;34m▀[38;2;16;20;34m[48;2;16;20;34m▀[38;2;16;20;34m[48;2;16;20;34m▀[38;2;16;20;34m[48;2;16;20;34m▀[38;2;16;20;34m[48;2;16;20;34m▀[38;2;16;20;34m[48;2;16;20;34m▀[38;2;16;20;34m[48;2;16;20;34m▀[38;2;16;20;34m[48;2;16;20;34m▀[38;2;16;20;34m[48;2;16;20;34m▀[38;2;16;20;34m[48;2;16;20;34m▀[38;2;16;20;34m[48;2;16;20;34m▀[38;2;16;20;34m[48;2;16;20;34m▀[38;2;16;20;34m[48;2;16;20;34m▀[38;2;16;20;34m[48;2;16;20;34m▀[38;2;16;20;34m[48;2;16;20;34m▀[38;2;16;20;34m[48;2;16;20;34m▀[38;2;16;20;34m[48;2;16;20;34m▀[38;2;16;20;34m[48;2;16;20;34m▀[38;2;16;20;34m[48;2;16;20;34m▀[38;2;16;20;34m[48;2;16;20;34m▀[38;2;16;20;34m[48;2;16;20;34m▀[38;2;16;20;34m[48;2;16;20;34m▀[38;2;16;20;34m[48;2;16;20;34m▀[48;2;16;20;34m[38;2;123;158;198m🬞[48;2;16;20;34m[38;2;122;156;197m🬏[38;2;16;20;34m[48;2;16;20;34m▀[38;2;16;20;34m[48;2;16;20;34m▀[48;2;16;20;34m[38;2;119;151;194m█[48;2;16;20;34m[38;2;119;150;194m🬀[38;2;16;20;34m[48;2;16;20;34m▀[38;2;16;20;34m[48;2;16;20;34m▀[38;2;16;20;34m[48;2;16;20;34m▀[38;2;16;20;34m[48;2;16;20;34m▀[38;2;16;20;34m[48;2;16;20;34m▀[38;2;16;20;34m[48;2;16;20;34m▀[38;2;16;20;34m[48;2;16;20;34m▀[38;2;16;20;34m[48;2;16;20;34m▀[38;2;16;20;34m[48;2;16;20;34m▀[38;2;16;20;34m[48;2;16;20;34m▀[38;2;16;20;34m[48;2;16;20;34m▀[48;2;16;20;34m[38;2;90;108;156m│[0m
[48;2;16;20;34m[38;2;90;108;156m│[38;2;16;20;34m[48;2;16;20;34m▀[38;2;16;20;34m[48;2;16;20;34m▀[38;2;16;20;34m[48;2;16;20;34m▀[38;2;16;20;34m[48;2;16;20;34m▀[38;2;16;20;34m[48;2;16;20;34m▀[38;2;16;20;34m[48;2;16;20;34m▀[38;2;16;20;34m[48;2;16;20;34m▀[38;2;16;20;34m[48;2;16;20;34m▀[38;2;16;20;34m[48;2;16;20;34m▀[38;2;16;20;34m[48;2;16;20;34m▀[38;2;16;20;34m[48;2;16;20;34m▀[38;2;16;20;34m[48;2;16;20;34m▀[38;2;16;20;34m[48;2;16;20;34m▀[38;2;16;20;34m[48;2;16;20;34m▀[38;2;16;20;34m[48;2;16;20;34m▀[38;2;16;20;34m[48;2;16;20;34m▀[48;2;16;20;34m[38;2;158;231;237m🬁[38;2;16;20;34m[48;2;16;20;34m▀[38;2;16;20;34m[48;2;16;20;34m▀[38;2;16;20;34m[48;2;16;20;34m▀[38;2;16;20;34m[48;2;16;20;34m▀[38;2;16;20;34m[48;2;16;20;34m▀[38;2;16;20;34m[48;2;16;20;34m▀[38;2;16;20;34m[48;2;16;20;34m▀[38;2;16;20;34m[48;2;16;20;34m▀[38;2;16;20;34m[48;2;16;20;34m▀[38;2;16;20;34m[48;2;16;20;34m▀[38;2;16;20;34m[48;2;16;20;34m▀[38;2;16;20;34m[48;2;16;20;34m▀[38;2;16;20;34m[48;2;16;20;34m▀[38;2;16;20;34m[48;2;16;20;34m▀[38;2;16;20;34m[48;2;16;20;34m▀[38;2;16;20;34m[48;2;16;20;34m▀[38;2;16;20;34m[48;2;16;20;34m▀[38;2;16;20;34m[48;2;16;20;34m▀[38;2;16;20;34m[48;2;16;20;34m▀[38;2;16;20;34m[48;2;16;20;34m▀[38;2;16;20;34m[48;2;16;20;34m▀[38;2;16;20;34m[48;2;16;20;34m▀[38;2;16;20;34m[48;2;16;20;34m▀[38;2;16;20;34m[48;2;16;20;34m▀[38;2;16;20;34m[48;2;16;20;34m▀[38;2;16;20;34m[48;2;16;20;34m▀[38;2;16;20;34m[48;2;16;20;34m▀[38;2;16;20;34m[48;2;16;20;34m▀[38;2;16;20;34m[48;2;16;20;34m▀[38;2;16;20;34m[48;2;16;20;34m▀[38;2;16;20;34m[48;2;16;20;34m▀[38;2;16;20;34m[48;2;16;20;34m▀[38;2;16;20;34m[48;2;16;20;34m▀[38;2;16;20;34m[48;2;16;20;34m▀[38;2;16;20;34m[48;2;16;20;34m▀[38;2;16;20;34m[48;2;16;20;34m▀[38;2;16;20;34m[48;2;16;20;34m▀[38;2;16;20;34m[48;2;16;20;34m▀[38;2;16;20;34m[48;2;16;20;34m▀[38;2;16;20;34m[48;2;16;20;34m▀[38;2;16;20;34m[48;2;16;20;34m▀[38;2;16;20;34m[48;2;16;20;34m▀[38;2;16;20;34m[48;2;16;20;34m▀[38;2;16;20;34m[48;2;16;20;34m▀[48;2;16;20;34m[38;2;123;158;198m🬁[48;2;16;20;34m[38;2;122;156;197m🬎[48;2;16;20;34m[38;2;121;155;196m🬋[48;2;16;20;34m[38;2;120;153;195m🬅[48;2;16;20;34m[38;2;119;151;194m🬀[38;2;16;20;34m[48;2;16;20;34m▀[38;2;16;20;34m[48;2;16;20;34m▀[38;2;16;20;34m[48;2;16;20;34m▀[38;2;16;20;34m[48;2;16;20;34m▀[38;2;16;20;34m[48;2;16;20;34m▀[38;2;16;20;34m[48;2;16;20;34m▀[38;2;16;20;34m[48;2;16;20;34m▀[38;2;16;20;34m[48;2;16;20;34m▀[38;2;16;20;34m[48;2;16;20;34m▀[38;2;16;20;34m[48;2;16;20;34m▀[38;2;16;20;34m[48;2;16;20;34m▀[38;2;16;20;34m[48;2;16;20;34m▀[48;2;16;20;34m[38;2;90;108;156m│[0m
[48;2;16;20;34m[38;2;90;108;156m│[38;2;16;20;34m[48;2;16;20;34m▀[38;2;16;20;34m[48;2;16;20;34m▀[38;2;16;20;34m[48;2;16;20;34m▀[38;2;16;20;34m[48;2;16;20;34m▀[38;2;16;20;34m[48;2;16;20;34m▀[38;2;16;20;34m[48;2;16;20;34m▀[38;2;16;20;34m[48;2;16;20;34m▀[38;2;16;20;34m[48;2;16;20;34m▀[38;2;16;20;34m[48;2;16;20;34m▀[38;2;16;20;34m[48;2;16;20;34m▀[38;2;16;20;34m[48;2;16;20;34m▀[38;2;16;20;34m[48;2;16;20;34m▀[38;2;16;20;34m[48;2;16;20;34m▀[38;2;16;20;34m[48;2;16;20;34m▀[38;2;16;20;34m[48;2;16;20;34m▀[38;2;16;20;34m[48;2;16;20;34m▀[38;2;16;20;34m[48;2;16;20;34m▀[38;2;16;20;34m[48;2;16;20;34m▀[38;2;16;20;34m[48;2;16;20;34m▀[38;2;16;20;34m[48;2;16;20;34m▀[38;2;16;20;34m[48;2;16;20;34m▀[38;2;16;20;34m[48;2;16;20;34m▀[38;2;16;20;34m[48;2;16;20;34m▀[38;2;16;20;34m[48;2;16;20;34m▀[38;2;16;20;34m[48;2;16;20;34m▀[38;2;16;20;34m[48;2;16;20;34m▀[38;2;16;20;34m[48;2;16;20;34m▀[38;2;16;20;34m[48;2;16;20;34m▀[38;2;16;20;34m[48;2;16;20;34m▀[38;2;16;20;34m[48;2;16;20;34m▀[38;2;16;20;34m[48;2;16;20;34m▀[38;2;16;20;34m[48;2;16;20;34m▀[38;2;16;20;34m[48;2;16;20;34m▀[38;2;16;20;34m[48;2;16;20;34m▀[38;2;16;20;34m[48;2;16;20;34m▀[38;2;16;20;34m[48;2;16;20;34m▀[38;2;16;20;34m[48;2;16;20;34m▀[38;2;16;20;34m[48;2;16;20;34m▀[38;2;16;20;34m[48;2;16;20;34m▀[38;2;16;20;34m[48;2;16;20;34m▀[38;2;16;20;34m[48;2;16;20;34m▀[38;2;16;20;34m[48;2;16;20;34m▀[38;2;16;20;34m[48;2;16;20;34m▀[38;2;16;20;34m[48;2;16;20;34m▀[38;2;16;20;34m[48;2;16;20;34m▀[38;2;16;20;34m[48;2;16;20;34m▀[38;2;16;20;34m[48;2;16;20;34m▀[38;2;16;20;34m[48;2;16;20;34m▀[38;2;16;20;34m[48;2;16;20;34m▀[38;2;16;20;34m[48;2;16;20;34m▀[38;2;16;20;34m[48;2;16;20;34m▀[38;2;16;20;34m[48;2;16;20;34m▀[38;2;16;20;34m[48;2;16;20;34m▀[38;2;16;20;34m[48;2;16;20;34m▀[38;2;16;20;34m[48;2;16;20;34m▀[38;2;16;20;34m[48;2;16;20;34m▀[38;2;16;20;34m[48;2;16;20;34m▀[38;2;16;20;34m[48;2;16;20;34m▀[38;2;16;20;34m[48;2;16;20;34m▀[38;2;16;20;34m[48;2;16;20;34m▀[38;2;16;20;34m[48;2;16;20;34m▀[38;2;16;20;34m[48;2;16;20;34m▀[38;2;16;20;34m[48;2;16;20;34m▀[38;2;16;20;34m[48;2;16;20;34m▀[38;2;16;20;34m[48;2;16;20;34m▀[38;2;16;20;34m[48;2;16;20;34m▀[38;2;16;20;34m[48;2;16;20;34m▀[38;2;16;20;34m[48;2;16;20;34m▀[38;2;16;20;34m[48;2;16;20;34m▀[38;2;16;20;34m[48;2;16;20;34m▀[38;2;16;20;34m[48;2;16;20;34m▀[38;2;16;20;34m[48;2;16;20;34m▀[38;2;16;20;34m[48;2;16;20;34m▀[38;2;16;20;34m[48;2;16;20;34m▀[38;2;16;20;34m[48;2;16;20;34m▀[38;2;16;20;34m[48;2;16;20;34m▀[38;2;16;20;34m[48;2;16;20;34m▀[38;2;16;20;34m[48;2;16;20;34m▀[48;2;16;20;34m[38;2;90;108;156m│[0m
[48;2;16;20;34m[38;2;90;108;156m│[38;2;16;20;34m[48;2;16;20;34m▀[38;2;16;20;34m[48;2;16;20;34m▀[38;2;16;20;34m[48;2;16;20;34m▀[38;2;16;20;34m[48;2;16;20;34m▀[38;2;16;20;34m[48;2;16;20;34m▀[38;2;16;20;34m[48;2;16;20;34m▀[38;2;16;20;34m[48;2;16;20;34m▀[38;2;16;20;34m[48;2;16;20;34m▀[38;2;16;20;34m[48;2;16;20;34m▀[38;2;16;20;34m[48;2;16;20;34m▀[38;2;16;20;34m[48;2;16;20;34m▀[38;2;16;20;34m[48;2;16;20;34m▀[38;2;16;20;34m[48;2;16;20;34m▀[38;2;16;20;34m[48;2;16;20;34m▀[38;2;16;20;34m[48;2;16;20;34m▀[38;2;16;20;34m[48;2;16;20;34m▀[38;2;16;20;34m[48;2;16;20;34m▀[38;2;16;20;34m[48;2;16;20;34m▀[38;2;16;20;34m[48;2;16;20;34m▀[38;2;16;20;34m[48;2;16;20;34m▀[38;2;16;20;34m[48;2;16;20;34m▀[38;2;16;20;34m[48;2;16;20;34m▀[38;2;16;20;34m[48;2;16;20;34m▀[38;2;16;20;34m[48;2;16;20;34m▀[48;2;16;20;34m[38;2;110;132;184m▸[48;2;16;20;34m[38;2;110;132;184m [48;2;16;20;34m[38;2;110;132;184mp[48;2;16;20;34m[38;2;110;132;184mr[48;2;16;20;34m[38;2;110;132;184me[48;2;16;20;34m[38;2;110;132;184ms[48;2;16;20;34m[38;2;110;132;184ms[48;2;16;20;34m[38;2;110;132;184m [48;2;16;20;34m[38;2;110;132;184ma[48;2;16;20;34m[38;2;110;132;184mn[48;2;16;20;34m[38;2;110;132;184my[48;2;16;20;34m[38;2;110;132;184m [48;2;16;20;34m[38;2;110;132;184mk[48;2;16;20;34m[38;2;110;132;184me[48;2;16;20;34m[38;2;110;132;184my[48;2;16;20;34m[38;2;110;132;184m [48;2;16;20;34m[38;2;110;132;184mt[48;2;16;20;34m[38;2;110;132;184mo[48;2;16;20;34m[38;2;110;132;184m [48;2;16;20;34m[38;2;110;132;184mb[48;2;16;20;34m[38;2;110;132;184mu[48;2;16;20;34m[38;2;110;132;184mr[48;2;16;20;34m[38;2;110;132;184mr[48;2;16;20;34m[38;2;110;132;184mo[48;2;16;20;34m[38;2;110;132;184mw[48;2;16;20;34m[38;2;110;132;184m [48;2;16;20;34m[38;2;110;132;184mi[48;2;16;20;34m[38;2;110;132;184mn[48;2;16;20;34m[38;2;110;132;184m [48;2;16;20;34m[38;2;110;132;184m_[38;2;16;20;34m[48;2;16;20;34m▀[38;2;16;20;34m[48;2;16;20;34m▀[38;2;16;20;34m[48;2;16;20;34m▀[38;2;16;20;34m[48;2;16;20;34m▀[38;2;16;20;34m[48;2;16;20;34m▀[38;2;16;20;34m[48;2;16;20;34m▀[38;2;16;20;34m[48;2;16;20;34m▀[38;2;16;20;34m[48;2;16;20;34m▀[38;2;16;20;34m[48;2;16;20;34m▀[38;2;16;20;34m[48;2;16;20;34m▀[38;2;16;20;34m[48;2;16;20;34m▀[38;2;16;20;34m[48;2;16;20;34m▀[38;2;16;20;34m[48;2;16;20;34m▀[38;2;16;20;34m[48;2;16;20;34m▀[38;2;16;20;34m[48;2;16;20;34m▀[38;2;16;20;34m[48;2;16;20;34m▀[38;2;16;20;34m[48;2;16;20;34m▀[38;2;16;20;34m[48;2;16;20;34m▀[38;2;16;20;34m[48;2;16;20;34m▀[38;2;16;20;34m[48;2;16;20;34m▀[38;2;16;20;34m[48;2;16;20;34m▀[38;2;16;20;34m[48;2;16;20;34m▀[38;2;16;20;34m[48;2;16;20;34m▀[38;2;16;20;34m[48;2;16;20;34m▀[48;2;16;20;34m[38;2;90;108;156m│[0m
[48;2;16;20;34m[38;2;90;108;156m╰[48;2;16;20;34m[38;2;90;108;156m─[48;2;16;20;34m[38;2;90;108;156m─[48;2;16;20;34m[38;2;90;108;156m─[48;2;16;20;34m[38;2;90;108;156m─[48;2;16;20;34m[38;2;90;108;156m─[48;2;16;20;34m[38;2;90;108;156m─[48;2;16;20;34m[38;2;90;108;156m─[48;2;16;20;34m[38;2;90;108;156m─[48;2;16;20;34m[38;2;90;108;156m─[48;2;16;20;34m[38;2;90;108;156m─[48;2;16;20;34m[38;2;90;108;156m─[48;2;16;20;34m[38;2;90;108;156m─[48;2;16;20;34m[38;2;90;108;156m─[48;2;16;20;34m[38;2;90;108;156m─[48;2;16;20;34m[38;2;90;108;156m─[48;2;16;20;34m[38;2;90;108;156m─[48;2;16;20;34m[38;2;90;108;156m─[48;2;16;20;34m[38;2;90;108;156m─[48;2;16;20;34m[38;2;90;108;156m─[48;2;16;20;34m[38;2;90;108;156m─[48;2;16;20;34m[38;2;90;108;156m─[48;2;16;20;34m[38;2;90;108;156m─[48;2;16;20;34m[38;2;90;108;156m─[48;2;16;20;34m[38;2;90;108;156m─[48;2;16;20;34m[38;2;90;108;156m─[48;2;16;20;34m[38;2;90;108;156m─[48;2;16;20;34m[38;2;90;108;156m─[48;2;16;20;34m[38;2;90;108;156m─[48;2;16;20;34m[38;2;90;108;156m─[48;2;16;20;34m[38;2;90;108;156m─[48;2;16;20;34m[38;2;90;108;156m─[48;2;16;20;34m[38;2;90;108;156m─[48;2;16;20;34m[38;2;90;108;156m─[48;2;16;20;34m[38;2;90;108;156m─[48;2;16;20;34m[38;2;90;108;156m─[48;2;16;20;34m[38;2;90;108;156m─[48;2;16;20;34m[38;2;90;108;156m─[48;2;16;20;34m[38;2;90;108;156m─[48;2;16;20;34m[38;2;90;108;156m─[48;2;16;20;34m[38;2;90;108;156m─[48;2;16;20;34m[38;2;90;108;156m─[48;2;16;20;34m[38;2;90;108;156m─[48;2;16;20;34m[38;2;90;108;156m─[48;2;16;20;34m[38;2;90;108;156m─[48;2;16;20;34m[38;2;90;108;156m─[48;2;16;20;34m[38;2;90;108;156m─[48;2;16;20;34m[38;2;90;108;156m─[48;2;16;20;34m[38;2;90;108;156m─[48;2;16;20;34m[38;2;90;108;156m─[48;2;16;20;34m[38;2;90;108;156m─[48;2;16;20;34m[38;2;90;108;156m─[48;2;16;20;34m[38;2;90;108;156m─[48;2;16;20;34m[38;2;90;108;156m─[48;2;16;20;34m[38;2;90;108;156m─[48;2;16;20;34m[38;2;90;108;156m─[48;2;16;20;34m[38;2;90;108;156m─[48;2;16;20;34m[38;2;90;108;156m─[48;2;16;20;34m[38;2;90;108;156m─[48;2;16;20;34m[38;2;90;108;156m─[48;2;16;20;34m[38;2;90;108;156m─[48;2;16;20;34m[38;2;90;108;156m─[48;2;16;20;34m[38;2;90;108;156m─[48;2;16;20;34m[38;2;90;108;156m─[48;2;16;20;34m[38;2;90;108;156m─[48;2;16;20;34m[38;2;90;108;156m─[48;2;16;20;34m[38;2;90;108;156m─[48;2;16;20;34m[38;2;90;108;156m─[48;2;16;20;34m[38;2;90;108;156m─[48;2;16;20;34m[38;2;90;108;156m─[48;2;16;20;34m[38;2;90;108;156m─[48;2;16;20;34m[38;2;90;108;156m─[48;2;16;20;34m[38;2;90;108;156m─[48;2;16;20;34m[38;2;90;108;156m─[48;2;16;20;34m[38;2;90;108;156m─[48;2;16;20;34m[38;2;90;108;156m─[48;2;16;20;34m[38;2;90;108;156m─[48;2;16;20;34m[38;2;90;108;156m─[48;2;16;20;34m[38;2;90;108;156m─[48;2;16;20;34m[38;2;90;108;156m╯[0m
